36.8
47.2
28.9
39.8
30.0
41.5
31.3
41.2
31.7
40.5
30.1
38.6
29.3
37.8
28.6
36.3
25.9
37.0
30.1
37.0
27.7
37.3
28.4
37.8
30.2
37.0
26.7
36.3
26.6
37.8
29.3
38.0
30.2
37.0
28.5
37.8
27.6
35.5
27.6
37.8
26.8
38.5
28.2
34.2
29.1
38.8
27.7
38.5
26.8
34.8
28.5
37.3
28.6
37.3
27.7
39.5
28.4
36.3
27.5
39.3
28.6
37.8
29.4
38.5
28.5
40.8
26.6
38.0
28.5
38.5
27.6
36.3
28.5
36.3
27.8
35.5
28.7
40.0
26.8
40.0
30.4
37.8
28.5
40.8
27.6
40.0
28.6
37.3
28.6
39.3
29.5
37.8
28.6
39.3
29.5
39.3
27.7
37.0
28.5
37.8
