0.0178336148583
0.0172776148583
0.0182246217009
0.0176686217009
0.0183468113392
0.0177908113392
0.450302380536
0.434173348278
0.0182979354839
0.0177419354839
0.0184201251222
0.0178641251222
0.0184690009775
0.0179130009775
0.0185423147605
0.0179863147605
0.0184934389052
0.0179374389052
0.0184201251222
0.0178641251222
0.0185178768328
0.0179618768328
0.0183956871945
0.0178396871945
0.0184445630499
0.0178885630499
0.0184690009775
0.0179130009775
0.0184201251222
0.0178641251222
0.0184690009775
0.0179130009775
0.0184445630499
0.0178885630499
0.0184690009775
0.0179130009775
0.0184690009775
0.0179130009775
0.0184445630499
0.0178885630499
0.0184934389052
0.0179374389052
0.456871715929
0.440742683671
0.0183468113392
0.0177908113392
0.0185178768328
0.0179618768328
0.0184934389052
0.0179374389052
0.0185178768328
0.0179618768328
0.0185667526882
0.0180107526882
0.0185178768328
0.0179618768328
0.0184201251222
0.0178641251222
0.0184201251222
0.0178641251222
0.0185423147605
0.0179863147605
0.0184934389052
0.0179374389052
0.0184690009775
0.0179130009775
0.0184201251222
0.0178641251222
0.0184690009775
0.0179130009775
0.0184690009775
0.0179130009775
0.0184934389052
0.0179374389052
0.0186156285435
0.0180596285435
0.0186156285435
0.0180596285435
0.0185423147605
0.0179863147605
0.0185911906158
0.0180351906158
0.0185178768328
0.0179618768328
0.0184934389052
0.0179374389052
0.0185667526882
0.0180107526882
0.0185423147605
0.0179863147605
0.0185911906158
0.0180351906158
0.0185667526882
0.0180107526882
0.0185667526882
0.0180107526882
0.0185423147605
0.0179863147605
0.0185178768328
0.0179618768328
