38.447568247
36.7339318834
30.2345223353
28.9295614359
31.3447698535
29.9991686805
32.2126469262
30.8263077277
33.0782329013
31.6510579258
31.4683928013
30.1227916283
30.634654582
29.3296936826
29.8350552159
28.5706368385
27.0062535534
25.8628762318
31.4683928013
30.1227916283
28.877889552
27.653915945
29.6021424155
28.3377240382
31.5096004506
30.1639992776
27.8867805383
26.7031539499
27.8139206367
26.6302940482
30.634654582
29.3296936826
31.5096004506
30.1639992776
29.7185988157
28.4541804384
28.8026408012
27.5786671941
28.7650164257
27.5410428187
27.9232104892
26.7395839007
28.9907626783
27.7667890713
30.4345884586
29.1296275593
28.877889552
27.653915945
27.9232104892
26.7395839007
29.7962364158
28.5318180385
29.8738740159
28.6094556386
28.877889552
27.653915945
29.6409612156
28.3765428383
28.7273920503
27.5034184433
29.8350552159
28.5706368385
30.6746678066
29.3697069073
29.7185988157
28.4541804384
27.8139206367
26.6302940482
29.7185988157
28.4541804384
28.8026408012
27.5786671941
29.7574176158
28.4929992384
29.0283870538
27.8044134467
29.951511616
28.6870932387
27.9960703908
26.8124438023
31.7568463464
30.4112451733
29.7962364158
28.5318180385
28.8402651766
27.6162915696
29.8738740159
28.6094556386
29.8350552159
28.5706368385
30.8347207053
29.529759806
29.8738740159
28.6094556386
30.7947074806
29.4897465813
28.9155139275
27.6915403204
29.7962364158
28.5318180385
