30.0455922387
28.3122589054
33.0668875874
31.1689403734
34.6238932063
32.6444210656
35.1986568456
33.1771025934
34.5060433108
32.52657117
33.236591437
31.338644223
35.273037632
33.3750904179
33.8010794413
31.9844616505
33.8010794413
31.9844616505
33.8010794413
31.9844616505
33.170138859
31.3952121728
35.9525410508
34.0126583528
33.8010794413
31.9844616505
35.273037632
33.3750904179
35.273037632
33.3750904179
37.1595644229
35.1586403301
33.7468684894
31.9302506986
35.273037632
33.3750904179
33.064073953
31.2891472668
36.7451913261
34.7657191854
36.0102874996
34.0704048017
31.6410316867
29.9491939545
36.8041162739
34.8246441331
36.0102874996
34.0704048017
32.3271662164
30.5938328831
33.8552903933
32.0386726025
34.5912749671
32.7351654851
36.1257803972
34.1858976993
34.5358855162
32.6797760342
37.4825878213
35.4610335691
34.4804960652
32.6243865833
35.273037632
33.3750904179
38.2200820681
36.1563479528
35.3296055819
33.4316583678
36.6862663783
34.7067942376
34.4804960652
32.6243865833
33.064073953
31.2891472668
32.3271662164
30.5938328831
37.4825878213
35.4610335691
38.8926232017
36.7892018918
35.1599017323
33.2619545182
37.4825878213
35.4610335691
37.4825878213
35.4610335691
33.8552903933
32.0386726025
35.273037632
33.3750904179
34.5358855162
32.6797760342
36.6862663783
34.7067942376
37.4825878213
35.4610335691
34.5358855162
32.6797760342
34.4804960652
32.6243865833
