16.047077673
29.938065357
5.85559467694
32.9003186725
5.88606184508
34.386845308
5.17627306553
34.9817946755
5.17590649662
34.2958771329
4.50078842376
33.0700225221
1.83713737667
35.0923924707
1.83701518703
33.6302094511
2.57182126184
33.6976581315
2.57182126184
33.6774235274
3.3170138859
33.0403734631
1.10058799135
35.7657375317
2.57182126184
33.6774235274
0.367427475334
35.1064687171
1.83713737667
35.1416593329
0.0150612443793
36.9005052001
2.5676965155
33.6232125754
1.83713737667
35.1205449634
1.83689299739
32.9343085571
0.367451913261
36.5839010035
1.83725956631
35.8234839805
1.8395948655
31.5002203475
1.10412348822
36.6281631947
1.83725956631
35.6510499629
1.83677080775
32.2131877218
2.57594600819
33.6979101391
1.83996143442
34.430473403
2.58041288552
35.8527598694
1.10220911222
34.3980556041
1.10242905357
37.2657256512
2.5676965155
34.2875341884
2.57199232733
35.1416593329
1.83750394558
37.8337673076
1.84008362406
35.1630366669
1.10058799135
36.5347512268
1.10044136378
34.3334774924
2.57165019635
32.9453056246
2.57147913085
32.1809296573
1.83738175594
37.2383062963
0.366911539639
38.5921344432
1.83124488189
34.979256571
2.57233445832
37.3006230119
1.83738175594
37.2856670002
2.57594600819
33.7113998752
3.306847278
35.0736241423
2.57182126184
34.3750839521
1.83431331892
36.44921848
1.10242905357
37.2383062963
1.83701518703
34.3750839521
2.5676965155
34.3541519792
