6.46390047481
6.11287408185
3.76982818122
3.57144108445
1.7193422654
1.63222105328
2.4007113993
2.2768599819
2.4007113993
2.2768599819
3.78927341399
3.59088631721
3.28991179413
3.12891472668
3.28991179413
3.12891472668
8.42441453287
7.99611541263
6.22300217353
5.91017226151
5.50672891052
5.23253536214
3.28460854883
3.12361148138
6.22300217353
5.91017226151
4.02261620716
3.82422911039
6.22300217353
5.91017226151
1.47695471743
1.4072360097
6.21298493241
5.90015502039
4.75590713046
4.5195434941
5.48905142619
5.2148578778
4.75590713046
4.5195434941
3.28991179413
3.12891472668
4.02909795142
3.83071085464
4.02909795142
3.83071085464
0.363786224112
0.347657191854
6.22300217353
5.91017226151
4.02909795142
3.83071085464
4.02909795142
3.83071085464
1.09753346539
1.04650707243
5.48905142619
5.2148578778
2.55745176037
2.43360034298
2.55332701403
2.42947559663
6.22300217353
5.91017226151
0.363786224112
0.347657191854
4.02909795142
3.83071085464
5.48021268403
5.20601913564
4.74824688725
4.51188325089
6.22300217353
5.91017226151
4.02261620716
3.82422911039
1.82540717139
1.73828595927
1.09223022009
1.04120382713
3.27930530353
3.11830823608
4.02261620716
3.82422911039
3.28991179413
3.12891472668
4.76356737367
4.52720373731
2.55745176037
2.43360034297
4.02261620716
3.82422911039
1.822460924
1.73533971188
1.82540717139
1.73828595927
4.02261620716
3.82422911039
6.21298493241
5.90015502039
