18.0836148583
18.4656217009
18.5888113392
18.5653734115
18.5419354839
18.6621251222
18.7100009775
18.7823147605
18.7304389052
18.6621251222
18.7568768328
18.6356871945
18.6865630499
18.7070009775
18.6581251222
18.7100009775
18.6865630499
18.7090009775
18.7080009775
18.6835630499
18.7314389052
18.8301906158
18.5878113392
18.7568768328
18.7314389052
18.7578768328
18.8067526882
18.7568768328
18.6601251222
18.6591251222
18.7823147605
18.7344389052
18.7090009775
18.6581251222
18.7090009775
18.7080009775
18.7334389052
18.8546285435
18.8556285435
18.7803147605
18.8331906158
18.7578768328
18.7324389052
18.8067526882
18.7823147605
18.8321906158
18.8067526882
18.8077526882
18.7813147605
18.7578768328
