0.0183712492669
0.0178152492669
0.0185178768328
0.0179618768328
1.36608789627
1.31506150331
0.0184690009775
0.0179130009775
1.35175480087
1.30072840791
0.0184201251222
0.0178641251222
0.0184445630499
0.0178885630499
0.453885654387
0.437756622129
0.448510743611
0.432381711352
0.452094017462
0.435964985203
0.453288442079
0.43715940982
0.45269122977
0.436562197512
0.0184690009775
0.0179130009775
0.0183468113392
0.0177908113392
2.27291826122
2.1857970491
0.451496805153
0.435367772895
0.448510743611
0.432381711352
0.0184201251222
0.0178641251222
0.0183956871945
0.0178396871945
1.35892134857
1.30789495561
0.454482866696
0.438353834437
0.0184201251222
0.0178641251222
1.36250462242
1.31147822946
1.36608789627
1.31506150331
0.453885654387
0.437756622129
0.0184201251222
0.0178641251222
0.0183956871945
0.0178396871945
0.0183468113392
0.0177908113392
0.0184445630499
0.0178885630499
1.36608789627
1.31506150331
