45.606315164
43.6229261229
44.6022437548
42.6799459571
43.1829843897
41.3216328597
39.0492978596
37.3699152795
42.7326123694
40.8712608394
44.3699719401
42.4476741423
43.0703913846
41.2090398546
43.1266878871
41.2653363571
42.6200193643
40.7586678343
45.6661545688
43.6827655278
43.0703913846
41.2090398546
40.3027756928
38.5628817716
39.0492978596
37.3699152795
41.4947876455
39.6942374077
41.712887851
39.9123376132
40.1972684923
38.4573745711
43.9634962643
42.0411984665
43.0140948821
41.1527433521
41.6038377483
39.8032875104
41.6038377483
39.8032875104
44.5441758011
42.6218780034
43.0140948821
41.1527433521
43.0703913846
41.2090398546
43.1829843897
41.3216328597
40.4082828932
38.668388972
44.3699719401
42.4476741423
42.9577983795
41.0964468495
42.8452053745
40.9838538445
45.7858333785
43.8024443374
41.8219379538
40.021387716
