39.6994195415
37.3890578602
37.3623809278
35.3408266756
37.3623809278
35.3408266756
37.3022774811
35.2807232289
39.50180769
37.3560598894
41.7690988496
39.4985709904
38.7052418678
36.6018205579
39.6927245208
37.5469767202
38.7677023124
36.6642810026
37.3022774811
35.2807232289
39.5654466336
37.419698833
35.8370481531
33.8971654552
40.2981400898
38.1126562188
40.9675746523
38.7396176631
39.5654466336
37.419698833
40.2333226472
38.0478387762
41.7690988496
39.4985709904
40.9675746523
38.7396176631
41.0335705938
38.8056136046
40.2981400898
38.1126562188
40.2333226472
38.0478387762
40.2981400898
38.1126562188
38.7677023124
36.6642810026
37.3623809278
35.3408266756
38.0975181768
36.0337840614
37.3022774811
35.2807232289
38.8301627571
36.7267414472
36.6273414306
34.6478692898
42.4335371181
40.1231754368
38.1588001224
36.0950660071
