1.02670912607
39.2600256021
3.2966806701
37.1180994029
2.56408496563
36.9859879659
1.82854301378
37.0156205896
1.09727243583
39.2378780712
1.83197801972
41.4849346268
1.82571895603
38.4047531092
1.10257568113
39.4789415296
1.82866520342
38.5760112078
2.55996021929
37.085415311
1.83173364044
39.2566489796
1.82842082414
35.5640276253
0.366346728089
39.8868497672
2.56047341577
40.7212403415
1.09904018427
39.2566489796
1.82878739306
39.9188065182
1.83197801972
41.3372806678
1.82890958269
40.6911328146
0.366371166016
40.787236283
0.366346728089
40.0965271865
1.82878739306
39.9940753354
1.83173364044
39.8868497672
1.09719912205
38.5112506995
2.56408496563
37.1654601067
2.56425603113
37.8026990174
1.82854301378
37.0579959562
2.56425603113
38.4364188666
2.56391390014
36.3902935322
1.0974190634
42.1755703537
2.56838077747
37.8639809631
