0.33844849657
0.322319464312
1.81951467661
1.73239346449
0.362607725156
0.346478692898
1.08869472322
1.03766833026
1.81656842922
1.7294472171
1.81951467661
1.73239346449
1.08692697479
1.03590058183
3.28991179413
3.12891472668
4.0031709744
3.80478387762
2.54507752134
2.42122610394
1.09046247166
1.03943607869
1.08869472322
1.03766833026
0.362607725156
0.346478692898
2.54507752134
2.42122610394
1.09046247166
1.03943607869
1.08869472322
1.03766833026
0.362607725156
0.346478692898
1.81656842922
1.7294472171
2.54920226769
2.42535085029
4.00965271865
3.81126562188
2.54507752134
2.42122610394
0.362607725156
0.346478692898
1.81656842922
1.7294472171
3.27930530353
3.11830823608
1.09046247166
1.03943607869
1.81656842922
1.7294472171
0.362607725156
0.346478692898
1.81951467661
1.73239346449
2.54507752134
2.42122610394
1.09223022009
1.04120382713
