42.2
56.0
41.8
53.7
39.6
55.5
40.4
54.1
38.6
52.0
39.5
51.6
37.1
51.3
39.3
50.6
37.6
54.2
38.3
52.8
37.4
53.5
38.6
53.5
39.5
52.4
37.6
49.8
39.3
53.5
37.1
50.6
37.8
52.0
37.7
51.3
36.2
49.8
37.8
50.6
36.0
52.0
39.5
52.0
37.5
53.5
37.6
50.6
37.0
50.1
39.6
53.5
36.9
53.9
38.4
50.6
37.7
51.6
40.1
54.2
33.3
52.8
38.1
51.3
35.7
50.6
37.5
52.8
37.3
52.0
35.1
50.6
35.7
48.3
38.2
51.3
38.1
52.0
38.8
51.3
37.6
51.7
38.9
51.3
38.1
52.0
39.0
50.6
35.5
52.4
38.7
51.3
37.3
51.3
37.8
52.8
37.0
52.8
41.1
53.1
36.4
52.8
38.8
52.8
