0.0339503833431
0.0333943833431
0.0339503833431
0.0333943833431
0.0339213706354
0.0333653706354
0.0339503833431
0.0333943833431
0.0339793960508
0.0334233960508
0.0340374214663
0.0334814214663
0.0339793960508
0.0334233960508
0.0339793960508
0.0334233960508
0.034066434174
0.033510434174
0.0339793960508
0.0334233960508
0.0339503833431
0.0333943833431
0.0340084087586
0.0334524087586
0.0340374214663
0.0334814214663
0.0339793960508
0.0334233960508
0.0339793960508
0.0334233960508
0.0339793960508
0.0334233960508
0.0340084087586
0.0334524087586
0.034066434174
0.033510434174
0.0340084087586
0.0334524087586
0.0339793960508
0.0334233960508
0.0339793960508
0.0334233960508
0.0339793960508
0.0334233960508
0.0339793960508
0.0334233960508
0.0339503833431
0.0333943833431
0.0340084087586
0.0334524087586
0.0339793960508
0.0334233960508
0.0340084087586
0.0334524087586
0.0339503833431
0.0333943833431
0.0339213706354
0.0333653706354
0.0339213706354
0.0333653706354
0.0339503833431
0.0333943833431
0.0339793960508
0.0334233960508
0.0339503833431
0.0333943833431
0.0339793960508
0.0334233960508
0.0340084087586
0.0334524087586
0.0340374214663
0.0334814214663
0.0339503833431
0.0333943833431
0.0339793960508
0.0334233960508
0.0340084087586
0.0334524087586
0.0340084087586
0.0334524087586
0.0339503833431
0.0333943833431
0.0340084087586
0.0334524087586
0.034066434174
0.033510434174
0.0340374214663
0.0334814214663
0.0340954468817
0.0335394468817
0.0340954468817
0.0335394468817
0.0341824850049
0.0336264850049
0.0340954468817
0.0335394468817
0.0340954468817
0.0335394468817
0.0342114977126
0.0336554977126
0.0341824850049
0.0336264850049
0.0340374214663
0.0334814214663
