0.0172959804497
0.0167399804497
0.017491483871
0.016935483871
0.0176136735093
0.0170576735093
0.0175892355816
0.0170332355816
0.0179069286413
0.0173509286413
0.0179069286413
0.0173509286413
0.0179802424242
0.0174242424242
0.0178336148583
0.0172776148583
0.0178580527859
0.0173020527859
0.0177847390029
0.0172287390029
0.0177603010753
0.0172043010753
0.0179069286413
0.0173509286413
0.0179313665689
0.0173753665689
0.0178580527859
0.0173020527859
0.0178336148583
0.0172776148583
0.0180046803519
0.0174486803519
0.0179313665689
0.0173753665689
0.0178824907136
0.0173264907136
0.0179558044966
0.0173998044966
0.0179069286413
0.0173509286413
0.0178580527859
0.0173020527859
0.0179069286413
0.0173509286413
0.0177847390029
0.0172287390029
0.0178336148583
0.0172776148583
0.0179313665689
0.0173753665689
0.437163709749
0.421034677491
0.0179069286413
0.0173509286413
0.0178091769306
0.0172531769306
0.0178824907136
0.0173264907136
0.0178091769306
0.0172531769306
0.0178091769306
0.0172531769306
0.0176869872923
0.0171309872923
0.0177358631476
0.0171798631476
0.0178091769306
0.0172531769306
0.0177114252199
0.0171554252199
0.0178580527859
0.0173020527859
0.0177358631476
0.0171798631476
0.0177358631476
0.0171798631476
0.0176625493646
0.0171065493646
0.0176136735093
0.0170576735093
0.0174670459433
0.0169110459433
0.0176625493646
0.0171065493646
0.0176625493646
0.0171065493646
0.0177114252199
0.0171554252199
0.017638111437
0.017082111437
0.0175892355816
0.0170332355816
0.0177114252199
0.0171554252199
0.0175403597263
0.0169843597263
0.017564797654
0.017008797654
0.435969285132
0.419840252874
0.0176869872923
0.0171309872923
0.017638111437
0.017082111437
