44.1776878376
42.1363144261
43.8024162016
41.8006811087
41.4793251071
39.6011481765
42.2946444628
40.3769269652
40.3805353459
38.585887252
41.2702923665
39.4339287301
38.7593130721
37.0456767084
41.1036701324
39.267306496
39.3867472617
37.6315419831
40.1088037455
38.3141556517
39.1741396798
37.4189344012
40.3805353459
38.585887252
41.3258331112
39.4894694748
39.3867472617
37.6315419831
41.1036701324
39.267306496
38.8112705429
37.0976341793
39.546202948
37.7909976694
39.4398991571
37.6846938785
37.8154541107
36.1432889103
39.4930510526
37.737845774
37.6124019258
35.9402367254
41.2702923665
39.4339287301
39.2272915753
37.4720862967
39.3335953662
37.5783900876
38.6553981304
36.9417617668
40.992588643
39.1562250067
38.6034406596
36.8898042959
40.1631500656
38.3685019718
39.4398991571
37.6846938785
41.9332064616
40.055029531
34.8591881114
33.3089192942
39.8914184652
38.0967703714
37.3585866947
35.6864214943
39.2804434707
37.5252381922
39.0678358889
37.3126306103
36.7253758854
35.0945840966
37.3585866947
35.6864214943
40.0001111054
38.2054630115
39.8370721452
38.0424240513
40.6038034302
38.7674397938
39.4023015846
37.6076534907
40.7148849196
38.8785212832
39.8370721452
38.0424240513
40.825966409
38.9896027726
37.1555345098
35.4833693094
40.5482626855
38.7118990491
39.0678358889
37.3126306103
39.5653405448
37.7706924509
38.7489245162
36.9937192376
42.6422220263
40.7245045288
38.135823422
36.4221870584
40.6593441749
38.8229805385
