46.6137015792
43.8048061736
46.2730572684
43.5042889399
49.220780488
46.2843679758
48.4581522347
45.565483613
48.5606683299
45.8754288383
47.9104373601
45.2685018762
50.0136129529
47.2448446245
47.6770945669
45.035159083
50.6559529964
47.8470575907
49.1251785665
46.3998608734
50.6559529964
47.8470575907
51.3830796535
48.5305869848
50.0949293808
47.3261610524
46.2292060707
43.6704572926
51.2994062276
48.446913559
47.832656429
45.1907209451
48.5606683299
45.8754288383
47.0313167783
44.4294106199
46.380053937
43.8213051589
48.5606683299
45.8754288383
50.0136129529
47.2448446245
49.1251785665
46.3998608734
50.7384479232
47.9295525176
48.4027494699
45.7175099782
45.7296110285
43.2108427
50.6559529964
47.8470575907
50.8209428501
48.0120474445
49.4749592115
46.7270754217
50.0949293808
47.3261610524
52.1916369255
49.2989683038
50.0136129529
47.2448446245
46.8781119141
44.2762057557
47.5993136358
44.957378152
50.0136129529
47.2448446245
48.5606683299
45.8754288383
47.754875498
45.1129400141
44.059230609
41.623404607
47.754875498
45.1129400141
49.932296525
47.1635281965
49.1251785665
46.3998608734
48.8847647796
46.1594470865
46.9547143462
44.3528081878
48.4027494699
45.7175099782
47.0313167783
44.4294106199
49.3655923534
46.6402746603
47.0313167783
44.4294106199
48.4817088999
45.7964694082
48.4027494699
45.7175099782
49.2053164954
46.4799988024
48.0659992222
45.4240637383
49.2053164954
46.4799988024
49.2854544244
46.5601367314
