8.323875282
46.3639459585
6.37092817463
46.0639663593
5.05692950219
48.8960981811
4.37469429896
48.1977416775
2.53675133067
48.2921443808
2.54070501152
47.7072115536
0.362417485166
49.7539355336
1.80595055178
47.3964494056
2.53279764982
50.3925121362
2.52850183798
48.9124708441
1.80914117844
50.3925121362
1.08555802085
50.9458362517
1.08902020393
49.551967504
2.52815970699
46.0258825126
1.08379027241
50.9593280263
1.81184304655
47.5520112677
2.53675133067
48.3248912038
3.2560142385
46.8311701507
2.53640919968
46.1610901052
1.08717914172
48.3248912038
1.0872524555
49.6864868532
1.80607274141
48.8061169829
1.81208742583
50.4339513446
1.08364364485
48.1342255207
3.26640078775
45.5294644009
1.80914117844
50.3925121362
1.81503367322
50.4890757925
0.0147818993157
49.2071995243
0.363006734644
49.7947827533
1.08732576928
51.621548949
1.81208742583
49.7674252696
3.2454077479
46.6684344947
1.80300430439
47.3702813778
1.81208742583
49.6864868532
2.53675133067
48.3510886623
1.80889679916
47.5129400141
3.2502711105
43.8863078328
2.53245551883
47.5258432399
1.08548470706
49.5680736511
1.08364364485
48.8858823788
1.79723399925
48.7119397551
3.2507109932
46.7291522739
2.52850183798
48.1669723438
2.53245551883
46.7739854
1.81491148358
49.0930605841
3.2560142385
46.8311701507
1.8090189888
48.1673393985
3.25093093455
48.1833457553
2.53262658432
48.9826380986
4.00549993518
47.8369669641
2.53262658432
48.8496957721
2.53675133067
49.0129226551
