4.96756563841
4.69337209002
7.00973401119
6.62021788216
3.01414303856
2.85314597111
5.02059809141
4.74640454302
3.96428050887
3.7658934121
6.86694711757
6.5159207246
4.68696494157
4.4506013052
3.23157609584
3.07057902839
4.67930469836
4.44294106199
6.83335989734
6.48233350437
4.67930469836
4.44294106199
1.07632048419
1.02529409123
0.35907222829
0.342943196032
6.1128125212
5.79998260918
2.51207955059
2.38822813319
3.24218258644
3.08118551899
5.4095027467
5.13530919831
6.84455563741
6.49352924445
5.4095027467
5.13530919831
5.4095027467
5.13530919831
2.52032904328
2.39647762588
2.51207955059
2.38822813319
3.24218258644
3.08118551899
3.95131702036
3.75292992359
6.14286424456
5.83003433254
4.67930469836
4.44294106199
2.52445378962
2.40060237222
4.32610932329
4.1080662705
3.24748583174
3.08648876429
0.358482978812
0.342353946554
5.4095027467
5.13530919831
6.10279528008
5.78996536806
5.3829865202
5.10879297181
2.52032904328
2.39647762588
6.85575137749
6.50472498453
4.67930469836
4.44294106199
7.5542005286
7.16468439957
5.40066400453
5.12647045615
1.7959446975
1.70882348538
5.39182526237
5.11763171398
9.6707527455
9.16400787747
5.39182526237
5.11763171398
5.39182526237
5.11763171398
3.95779876461
3.75941166784
3.97076225312
3.77237515635
6.84455563741
6.49352924445
2.51620429693
2.39235287953
6.1128125212
5.79998260918
6.12282976232
5.8099998503
5.4360189732
5.16182542481
1.7959446975
1.70882348538
3.96428050887
3.7658934121
