17.5509804497
17.746483871
17.8666735093
17.8422355816
18.1579286413
18.1589286413
18.2302424242
18.0856148583
18.1090527859
18.0357390029
18.0113010753
18.1579286413
18.1833665689
18.1090527859
18.0856148583
18.2546803519
18.1823665689
18.1334907136
18.2048044966
18.1579286413
18.1070527859
18.1589286413
18.0357390029
18.0846148583
18.1813665689
18.0367390029
18.1569286413
18.0601769306
18.1334907136
18.0621769306
18.0561769306
17.9379872923
17.9848631476
18.0601769306
17.9624252199
18.1060527859
17.9848631476
17.9868631476
17.9135493646
17.8656735093
17.7180459433
17.9145493646
17.9135493646
17.9634252199
17.887111437
17.8412355816
17.9624252199
17.7913597263
17.815797654
17.9888631476
17.9369872923
17.890111437
