0.0338923579277
0.0333363579277
0.0339503833431
0.0333943833431
0.0339213706354
0.0333653706354
0.0338633452199
0.0333073452199
0.0338923579277
0.0333363579277
0.0338923579277
0.0333363579277
0.0339213706354
0.0333653706354
0.0339213706354
0.0333653706354
0.0338923579277
0.0333363579277
0.0339213706354
0.0333653706354
0.0339213706354
0.0333653706354
0.0339503833431
0.0333943833431
0.0339213706354
0.0333653706354
0.0339213706354
0.0333653706354
0.0338923579277
0.0333363579277
0.0339793960508
0.0334233960508
0.0339213706354
0.0333653706354
0.0339793960508
0.0334233960508
0.0339793960508
0.0334233960508
0.0339503833431
0.0333943833431
0.0339503833431
0.0333943833431
0.0339503833431
0.0333943833431
0.0339793960508
0.0334233960508
0.0339503833431
0.0333943833431
0.0339503833431
0.0333943833431
0.0339213706354
0.0333653706354
0.0339793960508
0.0334233960508
0.0339503833431
0.0333943833431
0.0339213706354
0.0333653706354
0.0338343325122
0.0332783325122
0.0339213706354
0.0333653706354
