1.28188096078
1.23085456781
0.426413888196
0.410284855938
0.427011100505
0.410882068247
1.28008932385
1.22906293089
1.27650605
1.22547965704
1.27829768693
1.22727129396
2.98330395049
2.85945253309
1.27471441307
1.22368802011
0.424622251271
0.408493219013
2.12660124564
2.03948003352
1.27650605
1.22547965704
0.0172959804497
0.0167399804497
0.0176136735093
0.0170576735093
1.30875551466
1.2577291217
0.434774860515
0.418645828257
0.0177114252199
0.0171554252199
1.30338060388
1.25235421092
1.30696387773
1.25593748477
0.433580435898
0.41745140364
1.31054715158
1.25952075862
1.30696387773
1.25593748477
1.29979733003
1.24877093707
0.434177648207
0.418048615949
0.435969285132
0.419840252874
2.16840610724
2.08128489512
0.0177114252199
0.0171554252199
0.0176136735093
0.0170576735093
0.435969285132
0.419840252874
0.434177648207
0.418048615949
1.31054715158
1.25952075862
0.434177648207
0.418048615949
