64.8315277706
61.7984490946
63.5512024664
60.5814621549
68.7647435804
65.5446783415
64.7415736963
61.7084950202
65.8330680653
62.7402594577
64.6516196219
61.6185409458
68.3836698691
65.1636046302
68.2884014412
65.0683362023
68.3836698691
65.1636046302
67.0147995027
63.8584350673
67.1082964794
63.9519320439
67.2017934561
64.0454290206
55.4327938067
52.8961606941
57.0419508855
54.4428492617
60.8746431537
58.0906571127
60.9575114234
58.1735253825
55.5085762719
52.9719431592
56.9643969691
54.3652953454
59.4078313106
56.6866762197
55.8117061326
53.27507302
58.2687977116
55.6070826012
63.1351338585
60.228586936
63.3943673748
60.4878204522
58.4274484466
55.7657333361
60.5431700746
57.7591840336
57.0419508855
54.4428492617
59.326734492
56.605579401
59.7322185851
57.0110634942
59.4889281292
56.7677730383
61.0403796932
58.2563936523
59.4889281292
56.7677730383
