51.2208476784
48.0756863881
48.6741128371
45.697475496
51.3127705969
48.1676093066
51.4046935154
48.2595322251
51.4046935154
48.2595322251
53.2902976411
50.0202096645
51.9562310266
48.8110697362
50.7994372508
47.7386356868
49.9542487595
46.9337209002
50.7098713302
47.6490697662
51.2863620597
48.1852867909
52.5292351351
49.3437512641
51.7673773015
48.8747086798
54.1084575774
51.0879297181
53.9316827341
50.9111548748
51.2157328018
48.3632401332
52.6619974379
49.7255849257
51.2157328018
48.3632401332
51.9370811511
49.0444125294
49.8509800971
47.0822117686
50.4909631426
47.6820677369
51.8522292263
48.9595606046
52.6619974379
49.7255849257
51.2994062276
48.446913559
51.2157328018
48.3632401332
52.1067850007
49.214116379
54.196844999
51.1763171398
49.8509800971
47.0822117686
49.7696636691
47.0008953407
53.5578125085
50.5811751673
50.5734580695
47.7645626638
