6.89511411055
50.5918154203
6.90646195662
48.316048321
5.591776283
50.6837383388
5.60179352412
50.9777140433
5.60179352412
50.9129046591
4.93428681862
52.9181568786
6.32800249683
51.3271987685
7.68675695243
50.4576972704
6.3275381762
49.5473572639
7.00596906536
50.2975546147
5.66148152607
50.6691577586
4.32202567567
51.8921383609
1.07848702712
51.4225092663
1.08216915155
53.7015660818
2.51681186092
53.5247912385
1.8033708733
50.6535627138
1.80349306294
52.3087716314
2.52471922262
50.8374825574
3.24606757194
51.4936793916
3.2511508759
49.3080182202
1.80324868366
50.0632994085
2.52059447628
51.5566280533
2.52489028812
52.0804236353
2.52884396897
50.9211559833
3.24606757194
50.9034160863
1.80926336808
51.6633832412
1.80656149997
53.5956719785
3.97362884832
49.5710680736
3.2458476306
49.5099862498
1.80938555772
53.0984772201
2.52867290347
50.2689614908
