0.324306509105
0.308177476847
2.28521850167
2.16136708427
0.324895758582
0.308766726324
1.63390109113
1.54677987901
0.979094320368
0.928067927406
2.93989760437
2.77890053692
0.329020504926
0.312891472668
2.98762681206
2.82662974461
1.65157857546
1.56445736334
1.65452482285
1.56740361073
0.329020504926
0.312891472668
0.328431255449
0.312302223191
2.49970531156
2.37585389416
1.79005220273
1.7029309906
1.78415970795
1.69703849583
0.356715230379
0.340586198121
2.50795480425
2.38410338685
1.79005220273
1.7029309906
1.07278498732
1.02175859436
0.357304479857
0.341175447599
1.07278498732
1.02175859436
3.93835353185
3.73996643508
0.356715230379
0.340586198121
1.79299845011
1.70587723799
3.22627285054
3.06527578309
1.07632048419
1.02529409123
0.357304479857
0.341175447599
3.95131702036
3.75292992359
4.66398421194
4.42762057557
1.07632048419
1.02529409123
3.23157609584
3.07057902839
