63.9
66.9
64.3
66.9
66.0
66.3
67.8
67.5
67.4
66.3
64.9
66.3
66.6
68.2
67.1
64.3
66.8
66.9
67.3
67.4
64.9
66.3
65.6
66.3
66.5
66.3
65.2
66.3
66.1
65.8
65.0
65.8
64.9
66.9
65.5
65.1
67.5
66.4
64.9
65.1
62.3
64.5
66.3
65.0
64.7
65.6
61.7
66.3
66.9
64.3
64.1
67.5
66.0
66.3
64.7
64.3
49.3
50.0
58.8
59.0
67.9
67.0
67.5
65.8
66.2
65.8
62.7
65.1
65.2
65.1
65.3
66.4
64.7
66.4
63.1
65.0
63.7
66.4
65.3
64.5
63.7
64.5
63.4
62.1
63.6
65.1
64.2
66.5
60.8
63.4
64.7
64.0
63.0
63.4
65.2
65.8
64.3
64.5
65.8
65.9
61.1
61.5
