0.0338923579277
0.0333363579277
0.0338633452199
0.0333073452199
0.338513070968
0.332203070968
0.338222943891
0.331912943891
0.338803198045
0.332493198045
0.336482181427
0.330172181427
0.338222943891
0.331912943891
0.338222943891
0.331912943891
0.337932816813
0.331622816813
0.338513070968
0.332203070968
0.338222943891
0.331912943891
0.337642689736
0.331332689736
0.336772308504
0.330462308504
0.337932816813
0.331622816813
0.337642689736
0.331332689736
0.337642689736
0.331332689736
0.336772308504
0.330462308504
0.336482181427
0.330172181427
0.337062435582
0.330752435582
0.336482181427
0.330172181427
0.336772308504
0.330462308504
0.337062435582
0.330752435582
0.337352562659
0.331042562659
0.336772308504
0.330462308504
0.337932816813
0.331622816813
0.337932816813
0.331622816813
0.337062435582
0.330752435582
0.335611800196
0.329301800196
8.15850030616
7.95897030616
2.93298502874
2.86971502874
0.336772308504
0.330462308504
0.33619205435
0.32988205435
0.672263854545
0.659183854545
0.669362583773
0.656282583773
0.667041567155
0.653961567155
0.336772308504
0.330462308504
0.33619205435
0.32988205435
0.33619205435
0.32988205435
0.672263854545
0.659183854545
0.671103346237
0.658023346237
0.669942837928
0.656862837928
1.00356349443
0.983553494428
0.669942837928
0.656862837928
0.669362583773
0.656282583773
1.00095235073
0.980942350733
0.669942837928
0.656862837928
1.33264211769
1.30560211769
0.336482181427
0.330172181427
0.668202075464
0.655122075464
0.669362583773
0.656282583773
0.665881058847
0.652801058847
