0.0338923579277
0.0333363579277
0.0338633452199
0.0333073452199
0.0337763070968
0.0332203070968
0.0337472943891
0.0331912943891
0.0338053198045
0.0332493198045
0.0335732181427
0.0330172181427
0.0337472943891
0.0331912943891
0.0337472943891
0.0331912943891
0.0337182816813
0.0331622816813
0.0337763070968
0.0332203070968
0.0337472943891
0.0331912943891
0.0336892689736
0.0331332689736
0.0336022308504
0.0330462308504
0.0337182816813
0.0331622816813
0.0336892689736
0.0331332689736
0.0336892689736
0.0331332689736
0.0336022308504
0.0330462308504
0.0335732181427
0.0330172181427
0.0336312435582
0.0330752435582
0.0335732181427
0.0330172181427
0.0336022308504
0.0330462308504
0.0336312435582
0.0330752435582
0.0336602562659
0.0331042562659
0.0336022308504
0.0330462308504
0.0337182816813
0.0331622816813
0.0337182816813
0.0331622816813
0.0336312435582
0.0330752435582
0.0334861800196
0.0329301800196
6.34361023812
6.19031023812
1.62848612708
1.59428612708
0.0336022308504
0.0330462308504
0.033544205435
0.032988205435
0.0335151927273
0.0329591927273
0.0333701291887
0.0328141291887
0.0332540783578
0.0326980783578
0.0336022308504
0.0330462308504
0.033544205435
0.032988205435
0.033544205435
0.032988205435
0.0335151927273
0.0329591927273
0.0334571673118
0.0329011673118
0.0333991418964
0.0328431418964
0.0333411164809
0.0327851164809
0.0333991418964
0.0328431418964
0.0333701291887
0.0328141291887
0.0332540783578
0.0326980783578
0.0333991418964
0.0328431418964
0.332710529423
0.326400529423
0.0335732181427
0.0330172181427
0.0333121037732
0.0327561037732
0.0333701291887
0.0328141291887
0.0331960529423
0.0326400529423
