0.989844141921
0.938817748959
0.329665494219
0.313536461961
2.31442616497
2.19057474757
2.31024567881
2.18639426141
1.65480352193
1.56768230981
1.63987321422
1.55275200209
0.989844141921
0.938817748959
1.64883139884
1.56171018672
0.0133859120235
0.0128299120235
1.65181746039
1.56469624826
1.63987321422
1.55275200209
0.988052504995
0.937026112033
2.29770422033
2.17385280293
0.982677594219
0.931651201257
1.6458453373
1.55872412518
1.64285927576
1.55573806364
2.30606519265
2.18221377525
2.29770422033
2.17385280293
2.97207540355
2.8110783361
1.63987321422
1.55275200209
1.64285927576
1.55573806364
0.984469231144
0.933442838182
0.988052504995
0.937026112033
0.326082220368
0.30995318811
1.64285927576
1.55573806364
2.31024567881
2.18639426141
0.329068281911
0.312939249653
3.6013028306
3.40291573382
24.4558283144
22.9466885294
6.12666662845
5.77564023548
1.6458453373
1.55872412518
1.63688715267
1.54976594055
2.28934324801
2.16549183061
1.63091502959
1.54379381747
2.28516276185
2.16131134445
0.984469231144
0.933442838182
1.63390109113
1.54677987901
1.63987321422
1.55275200209
2.29770422033
2.17385280293
2.28934324801
2.16549183061
2.92907611734
2.76807904989
1.6249429065
1.53782169438
2.29352373417
2.16967231677
2.95057576044
2.78957869299
0.971927772666
0.920901379704
1.63390109113
1.54677987901
2.27262130338
2.14876988598
2.28516276185
2.16131134445
3.58159482441
3.38320772764
2.93982593889
2.77882887144
2.27262130338
2.14876988598
