67.008728241
62.9160218111
68.1241768607
63.9661024085
68.0023366657
63.8442622135
69.8594746681
65.5753599207
70.1102408628
65.8261261155
67.5149758854
63.3569014332
69.9848577654
65.7007430181
69.8594746681
65.5753599207
71.1007800134
66.7561379689
69.9848577654
65.7007430181
67.5149758854
63.3569014332
68.8674202312
64.6488909696
68.4965852925
64.2780560309
68.4965852925
64.2780560309
68.7438085849
64.5252793234
67.6368160805
63.4787416283
66.7685907531
62.6758843233
67.5149758854
63.3569014332
68.8674202312
64.6488909696
67.5149758854
63.3569014332
64.6771370308
60.7099634817
69.6087084733
65.324593726
67.8804964706
63.7224220184
65.4286190532
61.396294945
69.6087084733
65.324593726
65.9018082243
61.8694841161
69.9848577654
65.7007430181
65.3103217605
61.2779976522
28.0639404383
26.3240465171
56.5279343573
52.9999729367
70.7193163679
66.3746743234
70.3378527223
65.9932106779
68.2493620001
64.0308327385
65.1920244677
61.1597003595
67.1494553002
62.991380848
68.6201969387
64.4016676771
67.2712954953
63.1132210431
65.546916346
61.5145922378
65.546916346
61.5145922378
67.2712954953
63.1132210431
64.9554298822
60.9231057739
65.9281095457
61.8354031159
65.4286190532
61.396294945
65.4286190532
61.396294945
63.8614561395
59.8942825904
67.2712954953
63.1132210431
64.8371325894
60.8048084812
67.1494553002
62.991380848
64.9554298822
60.9231057739
67.1494553002
62.991380848
62.8906204149
58.9837566995
