62.7606067295
58.6892479807
62.7606067295
58.6892479807
62.6427568339
58.5713980852
63.3882127968
59.2761404605
63.3882127968
59.2761404605
61.899657869
57.8690127077
64.4056883596
60.2071546353
60.1323544785
56.2285421618
63.2691844023
59.157112066
64.1410110948
59.9832398338
62.0163292656
57.9856841043
61.1541260682
57.1689843282
63.660183521
59.50241226
63.2691844023
59.157112066
61.0386331705
57.0534914306
62.2892071473
58.2178483985
63.7803904144
59.6226191534
61.5496436792
57.518998518
63.5399766275
59.3822053665
60.3014755762
56.3569985479
61.0386331705
57.0534914306
60.5301043736
56.5856273453
61.1541260682
57.1689843282
61.7829864724
57.7523413111
60.6444187723
56.6999417439
63.7803904144
59.6226191534
61.899657869
57.8690127077
61.1541260682
57.1689843282
46.7491410813
43.6480658125
55.3002367827
51.6536092168
64.6632946308
60.4239984431
61.9356574607
57.8642987119
61.4329722827
57.4023271214
60.6921544776
56.7070127377
61.4329722827
57.4023271214
62.1713572518
58.099998503
61.4329722827
57.4023271214
61.7829864724
57.7523413111
60.9231402729
56.9379985329
60.0728467789
56.1283697505
61.3163008861
57.2856557248
59.9585323802
56.0140553519
62.1713572518
58.099998503
63.0591490537
58.9013777927
61.0829580929
57.0523129316
61.8178075651
57.7464488164
59.9585323802
56.0140553519
62.0535073562
57.9821486074
60.6921544776
56.7070127377
61.0829580929
57.0523129316
59.0009954813
55.0971831645
