2.82422730283
62.3256116171
2.82422730283
62.2962861039
2.19249648919
62.2077617215
2.82422730283
62.9488677332
1.56901516824
62.9488677332
2.81362081223
61.5270772239
2.18854280834
63.7965485747
2.81870411618
59.817984977
2.19249648919
62.8495851843
1.57208360526
63.6325066959
2.81892405753
61.6437486204
3.43211932015
60.7900986977
0.936179169426
63.2563712042
1.56606892085
62.8298393387
3.4256375759
60.6602362986
2.18012225016
61.9128630613
1.5632448631
63.301798039
2.17599750381
61.1770630341
1.55735236832
63.1112376246
3.41915583164
59.9838313925
2.17995118466
60.6889753015
2.80809762558
60.1982373159
2.80809762558
60.7900986977
2.80831756693
61.4104058273
2.18820067735
60.2983288407
2.18854280834
63.301798039
2.81362081223
61.5415933529
1.56005423643
60.7757291962
2.12496095824
46.6550550598
2.15056476377
55.0846942607
0.932643672559
64.1753180912
2.16774801112
61.5006623483
2.79240783103
61.0458755085
2.78688464438
60.3568661101
2.17187275747
61.0458755085
2.79771107633
61.8243386789
3.41294290459
61.0216819601
1.56017642607
61.4249219563
4.04082052831
60.5591129024
2.78688464438
59.7409797212
1.54839143652
60.9437202409
0.927193799694
59.6266653225
1.55428393129
61.7950131657
2.16379433027
62.655336737
0.925499365044
60.7394097058
0.927267113477
61.3828124527
2.16345219929
59.6124424486
2.17187275747
61.6625005136
2.16757694563
60.385605113
3.39349767183
60.7248935768
0.921890554395
58.6725497335
