4.05116475511
3.81480111875
3.42629573571
3.22790863894
4.0435045119
3.80714087554
4.05116475511
3.81480111875
4.05116475511
3.81480111875
5.90411347098
5.55308707801
1.54845991686
1.46133870474
7.78880012721
7.32142476065
4.66704840477
4.39285485639
2.80731647188
2.64631940443
5.91530921105
5.56428281809
5.8929177309
5.54189133794
5.27136426702
4.958534355
4.0435045119
3.80714087554
5.2613470259
4.94851711388
5.88172199082
5.53069559786
3.4133322472
3.21494515043
5.87052625075
5.51949985778
4.64053217828
4.36633862989
7.72987517944
7.26249981287
6.50239021088
6.11287408185
7.13690442405
6.70860530382
5.8929177309
5.54189133794
5.8929177309
5.54189133794
6.52713868894
6.13762255991
3.4133322472
3.21494515043
6.52713868894
6.13762255991
5.27136426702
4.958534355
21.509798112
20.1234589135
11.9350170898
11.1916153303
3.39388701444
3.19549991766
3.99754305264
3.76117941627
5.24131254366
4.92848263163
7.0826934721
6.65439435187
5.24131254366
4.92848263163
7.10979894808
6.68149982784
4.62285469395
4.34866114556
6.51476444991
6.12524832088
5.87052625075
5.51949985778
7.0826934721
6.65439435187
5.84813477059
5.49710837763
7.06914073412
6.64084161388
5.87052625075
5.51949985778
5.22127806141
4.90844814939
7.05558799613
6.62728887589
3.98988280943
3.75351917306
6.45289325475
6.06337712572
5.24131254366
4.92848263163
8.31842519414
7.81168032611
6.44051901572
6.05100288669
7.02848252015
6.60018339992
