13.6384740958
13.6639120235
13.6394740958
13.6160361681
13.6649120235
13.5417223851
13.6404740958
13.6160361681
13.6649120235
13.6404740958
13.5417223851
13.6150361681
13.5417223851
13.5417223851
13.5905982405
13.5661603128
13.5895982405
13.5417223851
13.6150361681
13.5417223851
13.5641603128
13.5671603128
13.6150361681
13.5162844575
13.5671603128
13.6140361681
13.6404740958
13.4918465298
13.0005259042
13.2669051808
13.5915982405
13.5182844575
13.4928465298
13.4674086022
13.4684086022
13.5661603128
13.4928465298
13.5407223851
13.5407223851
13.4928465298
13.4185327468
13.4185327468
13.5162844575
13.5162844575
13.3930948192
13.4928465298
13.3940948192
13.4684086022
13.4185327468
13.4684086022
13.3930948192
