0.0277706765982
0.0272146765982
0.027799689306
0.027243689306
0.0278287020137
0.0272727020137
0.0277126511828
0.0271566511828
0.0277126511828
0.0271566511828
0.0278577147214
0.0273017147214
0.0277126511828
0.0271566511828
0.0277706765982
0.0272146765982
0.0276836384751
0.0271276384751
0.0278287020137
0.0272727020137
0.0276256130596
0.0270696130596
0.0273064732747
0.0267504732747
0.0272194351515
0.0266634351515
0.027277460567
0.026721460567
0.0272194351515
0.0266634351515
0.027277460567
0.026721460567
0.0271033843206
0.0265473843206
0.0271033843206
0.0265473843206
0.0272194351515
0.0266634351515
0.0271614097361
0.0266054097361
0.0272194351515
0.0266634351515
0.0271904224438
0.0266344224438
0.0271614097361
0.0266054097361
0.0273064732747
0.0267504732747
0.0275675876442
0.0270115876442
0.0275095622287
0.0269535622287
0.0276836384751
0.0271276384751
0.0273935113978
0.0268375113978
0.027480549521
0.026924549521
0.0274515368133
0.0268955368133
0.027480549521
0.026924549521
0.0276256130596
0.0270696130596
0.027480549521
0.026924549521
0.0273935113978
0.0268375113978
0.0275966003519
0.0270406003519
0.027480549521
0.026924549521
0.027480549521
0.026924549521
0.0274515368133
0.0268955368133
0.0274225241056
0.0268665241056
0.0275675876442
0.0270115876442
0.0275385749365
0.0269825749365
