17.3480194909
16.8730994909
17.3660073697
16.8910873697
17.3839952485
16.9090752485
17.0322072215
16.5655572215
17.3120437333
16.8371237333
17.4019831273
16.9270631273
17.3120437333
16.8371237333
17.3480194909
16.8730994909
17.2940558545
16.8191358545
17.6643822686
17.1818022686
16.9791139664
16.5124639664
17.335378163
16.852798163
17.0062497939
16.5313297939
16.7667409458
16.3000909458
17.0062497939
16.5313297939
16.7667409458
16.3000909458
17.207432122
16.724852122
16.9342982788
16.4593782788
17.2805441455
16.7979641455
16.9702740364
16.4953540364
17.0062497939
16.5313297939
16.9882619152
16.5133419152
16.695949939
16.229299939
17.0602134303
16.5852934303
17.4998802158
17.0173002158
16.9083229595
16.4416729595
17.2940558545
16.8191358545
17.3902121806
16.9076321806
17.168140703
16.693220703
17.1501528242
16.6752328242
17.4450461982
16.9624661982
17.5364362276
17.0538562276
17.7225916935
17.2317116935
17.1141770667
16.6392570667
17.5181582217
17.0355782217
17.4450461982
16.9624661982
17.168140703
16.693220703
17.4267681924
16.9441881924
17.4084901865
16.9259101865
17.4998802158
17.0173002158
17.2041164606
16.7291964606
