15.106865363
14.695925363
15.1225322252
14.7115922252
15.1381990874
14.7272590874
15.0755316387
14.6645916387
15.0755316387
14.6645916387
15.1538659496
14.7429259496
14.7963551269
14.3930251269
15.106865363
14.695925363
14.7809783918
14.3776483918
15.1381990874
14.7272590874
15.0285310522
14.6175910522
14.8561955683
14.4452555683
14.8091949818
14.3982549818
14.8405287062
14.4295887062
14.8091949818
14.3982549818
14.8405287062
14.4295887062
14.7465275331
14.3355875331
14.7465275331
14.3355875331
14.8091949818
14.3982549818
14.5041971601
14.1008671601
14.8091949818
14.3982549818
14.7935281196
14.3825881196
14.7778612575
14.3669212575
14.8561955683
14.4452555683
15.2754732043
14.8563732043
14.9658636035
14.5549236035
15.0598647765
14.6489247765
15.1797312688
14.7606312688
15.2276022366
14.8085022366
15.2116452473
14.7925452473
15.2276022366
14.8085022366
15.0285310522
14.6175910522
15.2276022366
14.8085022366
15.1797312688
14.7606312688
15.2914301935
14.8723301935
15.2276022366
14.8085022366
15.2276022366
14.8085022366
14.9345298792
14.5235898792
14.918863017
14.507923017
15.2754732043
14.8563732043
15.2595162151
14.8404162151
