45.9763279613
42.9795782057
47.2143308021
44.1333923857
45.8873433273
42.8905935717
44.7385206239
41.8257640257
46.9402103525
43.8592719361
44.7385206239
41.8257640257
46.5069709487
43.4663062371
44.6519248392
41.7391682409
44.5653290544
41.6525724562
46.6873290659
43.6466643543
45.271405833
42.3148809063
45.0958254143
42.1393004876
45.3591960423
42.4026711157
45.8873433273
42.8905935717
46.5971500073
43.5564852957
45.7093740594
42.7126243038
45.271405833
42.3148809063
46.5069709487
43.4663062371
45.7983586934
42.8016089377
45.9763279613
42.9795782057
45.0958254143
42.1393004876
46.4167918901
43.3761271785
44.392137485
41.4793808867
45.7983586934
42.8016089377
46.0653125953
43.0685628396
45.8873433273
42.8905935717
46.5069709487
43.4663062371
46.6873290659
43.6466643543
44.1214375808
41.2488569356
45.9763279613
42.9795782057
46.7775081245
43.7368434128
46.9578662416
43.91720153
45.9763279613
42.9795782057
45.9763279613
42.9795782057
47.2143308021
44.1333923857
45.4469862517
42.490461325
46.5971500073
43.5564852957
45.8873433273
42.8905935717
45.271405833
42.3148809063
45.9763279613
42.9795782057
45.8873433273
42.8905935717
