13.48470069
12.6458253355
13.48470069
12.6458253355
11.6336185437
10.9119645944
12.5703341066
11.7902144303
13.406155191
12.5672798365
11.6562574743
10.9346035251
12.5459237248
11.7658040484
13.458518857
12.6196435025
9.78921918743
9.18518965791
11.678896405
10.9572424558
11.6336185437
10.9119645944
10.6790144573
10.0163901813
10.7416168959
10.0789926199
11.6336185437
10.9119645944
11.6562574743
10.9346035251
12.4971029611
11.7169832847
14.3725477888
13.4734829565
12.5459237248
11.7658040484
11.610979613
10.8893256637
13.48470069
12.6458253355
11.5883406823
10.866686733
12.5215133429
11.7413936666
13.379973358
12.5410980035
13.432337024
12.5934616695
12.5947444885
11.8146248121
10.7207494164
10.0581251403
12.5459237248
11.7658040484
13.510882523
12.6720071685
12.5703341066
11.7902144303
11.6562574743
10.9346035251
11.7015353357
10.9798813865
13.589428022
12.7505526674
11.6562574743
10.9346035251
12.5703341066
11.7902144303
11.6562574743
10.9346035251
11.678896405
10.9572424558
11.6562574743
10.9346035251
11.6336185437
10.9119645944
12.5459237248
11.7658040484
11.6562574743
10.9346035251
13.458518857
12.6196435025
