48.9368701839
45.5819825983
48.8390547706
45.484167185
50.608525134
47.1281732279
51.0944669474
47.573645833
50.5071742239
47.0268223177
52.3782887526
48.7721792707
51.1969963565
47.6761752422
49.5264710295
46.1311631116
50.0200539115
46.5801712136
50.220398734
46.780516036
50.0200539115
46.5801712136
49.7195366779
46.27965398
49.328483205
45.9331752871
50.0200539115
46.5801712136
51.4020551748
47.8812340604
50.0200539115
46.5801712136
49.4274771172
46.0321691993
48.9368701839
45.5819825983
51.7897686543
48.2241772564
47.658251133
44.3881631565
50.4058233137
46.9254714075
49.328483205
45.9331752871
52.2734023456
48.6672928637
49.5264710295
46.1311631116
50.3205711452
46.8806884472
50.7098760442
47.229524138
51.1969963565
47.6761752422
48.7412393573
45.3863517717
48.7412393573
45.3863517717
51.4020551748
47.8812340604
51.607113993
48.0862928786
51.8934765624
48.3278851645
47.7537095484
44.4836215719
50.7098760442
47.229524138
50.7098760442
47.229524138
51.9971844704
48.4315930726
50.608525134
47.1281732279
50.7098760442
47.229524138
50.0200539115
46.5801712136
50.8112269544
47.3308750482
51.4020551748
47.8812340604
