3.24280465074
48.6001644165
3.23632290648
48.5185757872
2.6481205012
50.1251429248
2.6428172559
50.5331766248
2.6428172559
50.0700285738
2.0598203442
51.6431470126
2.6481205012
50.707993424
3.83240549633
49.136441704
2.05964927871
49.5879913505
2.6587269918
49.8215717545
3.23659172369
49.6461536183
4.38701794217
49.2874741168
3.22984116223
48.9384538794
3.23659172369
49.6461536183
3.2495552122
50.9938440311
3.82506294618
49.6212269321
3.82474525312
49.0374477917
4.42200634192
48.6001644165
2.0598203442
51.2177256435
4.41280103084
47.3930018662
3.80974245976
49.850984604
3.22984116223
48.9630873105
0.881012399083
51.6948588461
3.83240549633
49.161075135
3.84804367581
49.9217441657
2.6534237465
50.2727303942
2.6481205012
50.4826268551
4.40432885759
48.2787760142
3.22984116223
48.4207603739
3.2495552122
50.9130522422
2.07614826409
51.164885254
2.06394509055
51.1665948419
3.83208780327
47.4449118945
3.83272318939
50.1550373345
3.24307346794
50.3063569826
2.06806983689
51.4982597393
2.6481205012
50.171379484
2.06377402505
50.2727303942
3.82506294618
49.6212269321
3.8403834326
50.1050685966
3.8403834326
50.9130522422
