3.80603697238
3.56967333602
4.38420865547
4.11001510708
1.45712624782
1.37000503569
0.871261665945
0.820235272983
2.03773372103
1.91388230363
0.290130039397
0.274001007139
1.45712624782
1.37000503569
2.632309377
2.47131230955
2.04185846737
1.91800704997
2.6376126223
2.47661555485
3.2123981753
3.01401107853
2.02948422834
1.90563281094
2.6217028864
2.46070581895
3.2123981753
3.01401107853
2.6376126223
2.47661555485
2.6270061317
2.46600906425
2.6270061317
2.46600906425
3.80603697238
3.56967333602
0.873029414378
0.822003021417
6.14353727895
5.75402114992
0.869493917512
0.81846752455
3.20591643105
3.00752933427
0.871261665945
0.820235272983
3.21887991956
3.02049282278
2.6429158676
2.48191880015
2.04598321372
1.92213179632
0.290130039397
0.274001007139
1.45418000043
1.36705878831
4.3753699133
4.10117636492
1.46301874259
1.37589753047
2.05835745275
1.93450603535
0.290719288875
0.274590256617
4.39304739764
4.11885384925
0.874797162812
0.82377076985
2.632309377
2.47131230955
1.46301874259
1.37589753047
2.04185846737
1.91800704997
2.04598321372
1.92213179632
2.6270061317
2.46600906425
0.291308538352
0.275179506094
1.46301874259
1.37589753047
