12.5865190616
12.5865190616
12.5580811339
12.5845190616
12.5132052786
12.5825190616
12.5600811339
12.5620811339
12.5276432063
12.6069569892
12.5580811339
12.5062052786
12.5795190616
12.5580811339
12.5825190616
12.5112052786
12.5650811339
12.5600811339
12.5336432063
12.5865190616
12.5092052786
12.5356432063
12.4887673509
12.5376432063
12.6089569892
12.5550811339
12.5600811339
12.6109569892
12.5845190616
12.5825190616
12.6313949169
12.6842707722
12.5825190616
12.5845190616
12.5825190616
12.6069569892
12.5825190616
12.5580811339
12.5600811339
12.5825190616
12.5620811339
