85.17
81.9
87.86
87.5
88.65
87.8
89.58
87.4
87.16
84.7
88.48
84.2
85.96
85.3
83.54
81.8
83.39
82.5
85.56
81.5
83.44
80.4
83.35
81.2
84.29
81.9
85.04
82.9
86.96
85.2
88.48
83.9
85.97
84.3
85.69
84.1
86.48
83.4
87.25
82.7
84.53
81.9
87.44
84.6
89.0
87.8
88.74
85.7
89.28
85.9
86.89
84.9
85.03
83.1
85.62
82.2
86.33
84.2
88.24
86.6
91.01
89.4
90.02
86.4
88.76
86.6
88.8
85.7
87.71
87.0
86.24
83.6
82.95
80.8
84.31
83.2
83.78
81.4
84.59
82.4
84.37
82.4
85.31
83.6
88.51
85.2
87.94
84.0
84.93
83.1
86.11
82.8
88.21
85.7
