3.23860614936
3.14565614936
5.35680218495
5.19576218495
4.15261362385
4.02970362385
4.89823287586
4.75243287586
3.68958228152
3.58173228152
3.93123240039
3.81587240039
2.95082582522
2.86538582522
1.99867144946
1.94275144946
2.00099246608
1.94507246608
2.9612704
2.8758304
2.24625423695
2.18298423695
2.00563449932
1.94971449932
2.78118722151
2.70319722151
3.21597623734
3.12302623734
3.71134181232
3.60349181232
4.42335645044
4.29285645044
3.96836866628
3.85300866628
2.98215954956
2.89671954956
3.21597623734
3.12302623734
2.73650765161
2.65851765161
2.23058737478
2.16731737478
4.20686738729
4.08395738729
4.15754578416
4.03463578416
4.9040354174
4.7582354174
4.19207090635
4.06916090635
4.43902331261
4.30852331261
2.49323677028
2.42263677028
2.49613804106
2.42553804106
3.93123240039
3.81587240039
4.17727442542
4.05436442542
5.14335451965
4.99005451965
4.92144304203
4.77564304203
4.89243033431
4.74663033431
4.62537915973
4.48724915973
3.90802223421
3.79266223421
3.21597623734
3.12302623734
1.24696902053
1.21276902053
2.49323677028
2.42263677028
1.4984035871
1.4570635871
1.74043396012
1.69178396012
2.00099246608
1.94507246608
2.48743422874
2.41683422874
3.21974788935
3.12679788935
2.74289044731
2.66490044731
2.98912259941
2.90368259941
1.99635043284
1.94043043284
3.48394792023
3.38356792023
