28.4798846944
27.5849846944
28.5516279836
27.6320079836
29.6342781462
28.6820081462
28.9680139675
28.0393539675
29.3516061001
28.4150761001
29.3170809779
28.3805509779
28.8571317959
27.9375117959
28.5791081548
27.6842081548
28.6121826416
27.7172826416
28.7114538667
27.7996938667
28.546033668
27.651133668
28.6783316152
27.7834316152
28.6562578209
27.7692078209
28.7787633486
27.8670033486
29.0268561361
28.1072361361
29.3170809779
28.3805509779
28.8460728305
27.9343128305
28.6641290166
27.7602290166
29.2761289236
28.3474689236
30.6963010135
29.7270610135
29.0947458721
28.1751258721
29.2761289236
28.3474689236
29.4241820059
28.4797820059
29.2480307335
28.3115007335
29.6678887507
28.7234887507
28.6777991257
27.7660391257
28.7642228583
27.8603228583
29.0480012762
28.1362412762
28.8231869279
27.9035669279
29.0707189529
28.1420589529
30.1967021865
29.2274621865
29.3516061001
28.4150761001
29.1789804891
28.2424504891
29.7742230256
28.8128630256
29.3893667566
28.4449667566
29.0268561361
28.1072361361
28.7975874721
27.8936874721
28.5129591812
27.6180591812
29.0816560172
28.1698960172
29.1965804762
28.2769604762
28.6121826416
27.7172826416
28.9470370534
28.0352770534
29.8071497478
28.8627497478
29.7659075664
28.8293775664
28.7308582444
27.8269582444
29.5500088845
28.6213488845
29.4473038991
28.5186438991
