28.9806917943
28.0689317943
29.2849210088
28.3405210088
29.8804095359
28.9190495359
29.9512005427
28.9898405427
28.8571317959
27.9375117959
29.809805028
28.857535028
29.104953948
28.176293948
28.830952086
27.927052086
28.3611985834
27.4741485834
29.2076589333
28.2789989333
28.2956298639
27.4085798639
28.6783316152
27.7834316152
28.6562578209
27.7692078209
28.5306705611
27.6267705611
29.524231711
28.587701711
29.5634430029
28.6190430029
28.3475867472
27.4526867472
29.1626356082
28.2430156082
28.7787633486
27.8670033486
29.1965804762
28.2769604762
28.8460728305
27.9343128305
28.7787633486
27.8670033486
29.6693835226
28.7171135226
29.2480307335
28.3115007335
29.6678887507
28.7234887507
29.1734239382
28.2447639382
29.0143465353
28.1025865353
29.2984150804
28.3787950804
28.8231869279
27.9035669279
29.5634430029
28.6190430029
30.1967021865
29.2274621865
29.8449104043
28.8926404043
29.6693835226
28.7171135226
29.2849210088
28.3405210088
29.3893667566
28.4449667566
29.0268561361
28.1072361361
28.2956298639
27.4085798639
28.7642228583
27.8603228583
28.3284142237
27.4413642237
29.1965804762
28.2769604762
28.8643166999
27.9604166999
28.9470370534
28.0352770534
30.0555426624
29.1032726624
29.7659075664
28.8293775664
28.7308582444
27.8269582444
29.5500088845
28.6213488845
29.696857322
28.760327322
