27.2296769447
26.3751169447
27.57437395
26.68732395
27.9176184188
27.0227184188
28.7213523238
27.8017323238
28.1160653396
27.2211653396
28.3304828778
27.4265828778
27.8694331875
26.9823831875
26.8221106366
25.9843006366
27.1051982921
26.2584782921
27.4727812
26.6014312
27.0425308434
26.1958108434
26.6636971159
25.8337171159
26.8789714072
26.0489914072
27.2880066237
26.4256066237
27.5371894111
26.6658394111
28.0829908528
27.1880908528
27.6015976223
26.7302476223
27.6660058334
26.7946558334
28.0333549861
27.1463049861
27.4475765161
26.5851765161
27.103181539
26.248621539
28.0333549861
27.1463049861
28.6874074557
27.7677874557
28.26375365
27.35985365
28.6777991257
27.7660391257
27.4405770944
26.5692270944
27.5114044731
26.6490044731
27.5433184516
26.6809184516
27.5903068027
26.7111068027
28.3304828778
27.4265828778
28.47587068
27.56411068
28.8571317959
27.9375117959
27.9506929056
27.0557929056
28.0635659668
27.1596659668
27.9176184188
27.0227184188
27.7852721986
26.9060721986
27.2929246475
26.4383646475
27.2613007961
26.4067407961
27.5752324301
26.7128324301
27.1980530933
26.3434930933
27.6071464086
26.7447464086
27.698209939
26.826859939
28.3145122604
27.4196122604
28.5129591812
27.6180591812
27.2296769447
26.3751169447
27.7948222557
26.9234722557
28.4468102076
27.5519102076
