77.9647492329
73.1931461049
83.2505434632
78.0980507946
83.5503440421
78.3978513734
83.1820159785
78.0705790284
80.5912012711
75.6088698928
80.0718273693
75.1305028337
81.1716916349
76.1893602566
77.8255987651
73.053995637
78.4936296557
73.6810685609
77.5472978293
72.7756947012
76.4839406983
71.7998497892
77.2955239176
72.5648787563
77.9647492329
73.1931461049
78.8785819122
74.0250628506
81.026569044
76.0442376657
79.8355321018
74.9352144088
80.2157555357
75.274431
79.9782658436
75.0779481505
79.3031998635
74.449680802
78.6339745482
73.8214134534
77.9647492329
73.1931461049
80.5036118684
75.5622873327
83.5503440421
78.3978513734
81.5531246626
76.5237991494
81.6994416782
76.670116165
80.736323862
75.7539924837
79.0201212293
74.1666021677
78.2129398708
73.4003787759
80.0718273693
75.1305028337
82.3663758959
77.2959946643
85.0403444386
79.7995086615
82.2188644557
77.1484832241
82.3663758959
77.2959946643
81.5531246626
76.5237991494
82.7358983841
77.6244614339
79.5500646184
74.6497469253
76.8816557878
72.1510106266
79.1616605464
74.3081414849
77.4081473614
72.6365442334
78.3532847633
73.5407236684
78.3532847633
73.5407236684
79.5500646184
74.6497469253
81.026569044
76.0442376657
79.927899203
74.9865746673
79.0201212293
74.1666021677
78.7370425951
73.8835235335
81.5531246626
76.5237991494
