26.5118386343
24.9530438096
24.306986211
22.8699954779
23.4085959734
22.0313192157
22.5032649067
21.1855571489
24.306986211
22.8699954779
24.3508825555
22.9138918224
25.4743111197
23.9755927093
27.4546326309
25.8356164163
29.4355340444
27.6956401232
24.3947789
22.9577881669
29.4355340444
27.6956401232
28.495992999
26.8166104188
31.4733118627
29.6119603327
28.3430465517
26.6636639716
24.4386752445
23.0016845114
24.482571589
23.0455808559
27.3562112351
25.7371950204
29.4882876447
27.7483937234
27.5038433289
25.8848271142
25.5199789153
24.021260505
28.495992999
26.8166104188
23.4928457601
22.1155690024
22.4225580223
21.1048502645
20.4494107596
19.2519123622
24.4386752445
23.0016845114
25.3373077328
23.8385893224
27.405421933
25.7864057183
27.3562112351
25.7371950204
25.3373077328
23.8385893224
23.4507208667
22.073444109
21.4736682628
20.2169633044
20.4494107596
19.2519123622
23.4507208667
22.073444109
22.4225580223
21.1048502645
22.3822045801
21.0644968224
26.369520894
24.8107260692
28.3430465517
26.6636639716
28.4450108499
26.7656282697
30.2626270604
28.4620768225
27.405421933
25.7864057183
29.3827804442
27.642886523
26.369520894
24.8107260692
24.4386752445
23.0016845114
26.2746424004
24.7158475757
26.4169601407
24.858165316
25.3373077328
23.8385893224
24.3947789
22.9577881669
