88.866453215
82.877939041
90.0146317334
83.8949836396
90.1890495788
84.069401485
90.2654367438
84.1943223742
88.0838772743
82.1366631981
89.9189580509
83.8478436814
89.3072644587
83.2774501869
90.7984350489
84.6374379815
89.9189580509
83.8478436814
88.3538061694
82.3652919954
89.4793253062
83.4495110344
89.9955078486
83.9656935769
91.5008204264
85.3398233589
90.5378852696
84.4182371758
91.7613702057
85.5590241646
90.5378852696
84.4182371758
91.938145049
85.735799008
89.3072644587
83.2774501869
91.325224082
85.1642270146
89.3072644587
83.2774501869
90.0921973973
84.0210830278
92.1149198923
85.9125738513
87.4721836821
81.5662697036
89.7457187044
83.6746043349
89.9189580509
83.8478436814
88.0838772743
82.1366631981
90.2654367438
84.1943223742
89.9189580509
83.8478436814
88.6955708665
82.7070566925
87.3036583315
81.397744353
89.3072644587
83.2774501869
91.325224082
85.1642270146
91.5845953624
85.3822493213
90.1890495788
84.069401485
88.0120414723
82.0235272983
89.7457187044
83.6746043349
90.5378852696
84.4182371758
90.5378852696
84.4182371758
89.9189580509
83.8478436814
88.3538061694
82.3652919954
88.5246885179
82.536174344
90.5378852696
84.4182371758
88.9631427637
82.9333284919
88.5246885179
82.536174344
89.9189580509
83.8478436814
88.2535811239
82.3063670476
89.3992400115
83.328125642
