5.20941277467
88.1506663138
4.56155228379
89.1899983023
3.96100555583
89.2269772425
3.99132883561
89.317049647
4.58770194137
87.2885693564
3.97600834919
88.8484301916
5.81108912574
88.2440191019
3.3516200857
89.9099697508
3.97600834919
88.8484301916
3.35135126849
87.6380192681
3.9836685924
88.6158844459
5.85587208604
89.274784486
2.14934813082
90.5322476014
3.36458357421
89.6553828258
3.36458357421
90.8669420532
3.97632604225
89.5758129334
3.37106531846
90.8384383041
3.364314757
88.6150845955
3.37106531846
89.9706786275
4.58770194137
88.586541096
3.37079650126
89.2803205645
2.76344759677
90.7512835287
5.19939553355
86.7942266929
3.35783301275
88.6751908452
4.58770194137
89.1501897224
4.58770194137
87.3730268344
3.37727824551
89.4535599109
4.58770194137
89.0496032121
3.97600834919
87.9372619711
6.41040847889
86.597744353
4.58770194137
88.5437258467
3.98398628546
90.2328487155
2.13697389179
90.7488182363
3.96100555583
89.2269772425
3.94536737635
87.2537325769
3.96834810598
88.9338418716
3.97632604225
89.7566535981
2.14109863813
89.1924307242
4.58770194137
89.0496032121
4.57002445704
87.6380192681
3.96834810598
87.7663796225
3.97632604225
89.6553828258
3.35135126849
88.1567889025
4.5788631992
87.6671616362
3.97600834919
89.0496032121
5.20941277467
87.542730684
4.56118571487
88.0700611259
