3.95158159338
3.71521795701
2.71185805649
2.55086098904
1.50721245342
1.4200912413
1.51899744298
1.43187623085
2.72776779239
2.56677072494
0.906616634608
0.855590241646
0.906616634608
0.855590241646
2.11197915522
1.98812773782
0.906616634608
0.855590241646
3.92860086374
3.69223722738
2.12435339425
2.00050197685
3.97456232301
3.73819868664
1.51899744298
1.43187623085
2.12022864791
1.99637723051
2.12022864791
1.99637723051
1.5131049482
1.42598373608
0.908384383041
0.85735799008
4.55214475662
4.27795120823
0.301915028951
0.285785996693
3.94392135016
3.7075577138
2.73307103769
2.57207397024
0.302504278429
0.286375246171
4.55214475662
4.27795120823
0.904848886175
0.853822493213
3.33555131614
3.13716421937
3.94392135016
3.7075577138
2.73837428299
2.57737721554
2.12022864791
1.99637723051
3.33555131614
3.13716421937
3.93626110695
3.69989747059
3.33555131614
3.13716421937
0.908384383041
0.85735799008
2.72246454709
2.56146747964
1.50721245342
1.4200912413
3.30962433912
3.11123724235
2.72246454709
2.56146747964
3.33555131614
3.13716421937
0.301325779474
0.285196747215
2.12022864791
1.99637723051
3.92860086374
3.69223722738
3.32906957189
3.13068247512
2.12022864791
1.99637723051
2.71716130179
2.55616423434
2.11610390156
1.99225248416
2.12022864791
1.99637723051
3.95158159338
3.71521795701
0.29955803104
0.283428998782
