13.6573499511
13.5321603128
13.5800361681
13.6279120235
13.5321603128
13.5565982405
13.6319120235
13.6339120235
13.6359120235
13.5810361681
13.6359120235
13.6593499511
13.6623499511
13.5860361681
13.6054740958
13.6299120235
13.5850361681
13.6603499511
13.6583499511
13.6563499511
13.6593499511
13.6289120235
13.5790361681
13.5760361681
13.6054740958
13.5585982405
13.6094740958
13.5850361681
13.5585982405
13.6044740958
13.6014740958
13.5760361681
13.6044740958
13.5790361681
13.5545982405
13.5840361681
13.5860361681
13.6349120235
13.5635982405
13.6094740958
13.6114740958
13.5840361681
13.6054740958
13.5351603128
13.6084740958
13.5585982405
13.5810361681
