0.0340374214663
0.0334814214663
0.0340084087586
0.0334524087586
0.0340374214663
0.0334814214663
0.0340374214663
0.0334814214663
0.0339793960508
0.0334233960508
0.034066434174
0.033510434174
0.0340954468817
0.0335394468817
0.0340374214663
0.0334814214663
0.0340374214663
0.0334814214663
0.034066434174
0.033510434174
0.0340374214663
0.0334814214663
0.0340374214663
0.0334814214663
0.034066434174
0.033510434174
0.034066434174
0.033510434174
0.034066434174
0.033510434174
0.0340954468817
0.0335394468817
0.034066434174
0.033510434174
0.0340954468817
0.0335394468817
0.034066434174
0.033510434174
0.0340954468817
0.0335394468817
0.0340374214663
0.0334814214663
0.0341244595894
0.0335684595894
0.0341244595894
0.0335684595894
0.0340954468817
0.0335394468817
0.0341244595894
0.0335684595894
0.0340954468817
0.0335394468817
0.0340954468817
0.0335394468817
0.0340954468817
0.0335394468817
0.034066434174
0.033510434174
0.0340954468817
0.0335394468817
