0.443733045143
0.427604012884
0.0181268699902
0.0175708699902
1.33563006854
1.28460367558
0.0181024320626
0.0175464320626
0.443733045143
0.427604012884
0.446121894377
0.429992862118
0.0181024320626
0.0175464320626
0.0180291182796
0.0174731182796
0.0181757458456
0.0176197458456
0.0182490596285
0.0176930596285
0.0182490596285
0.0176930596285
2.2430576458
2.15593643368
0.449705168228
0.433576135969
0.0181757458456
0.0176197458456
1.3535464378
1.30252004483
0.0182001837732
0.0176441837732
0.446121894377
0.429992862118
0.0182979354839
0.0177419354839
0.448510743611
0.432381711352
1.34458825317
1.29356186021
0.0182734975562
0.0177174975562
0.0182979354839
0.0177419354839
0.0183712492669
0.0178152492669
0.0182979354839
0.0177419354839
2.2430576458
2.15593643368
3.14634291071
3.02249149331
0.447913531302
0.431784499044
0.0181513079179
0.0175953079179
2.24604370734
2.15892249522
0.449705168228
0.433576135969
