50.1476537221
47.9184499522
51.6839188479
49.3928989569
51.5465255268
49.2555056358
47.6145029748
45.5084965204
50.1476537221
47.9184499522
50.4153545598
48.1861507899
50.2815041409
48.052300371
51.4091322056
49.1181123146
50.4822797692
48.2530759993
52.0274021508
49.7363822598
46.6508849909
44.606259731
47.8680322033
45.7620257489
48.1215614318
46.0155549775
50.4822797692
48.2530759993
50.8838310258
48.6546272559
50.5492049787
48.3200012088
49.0782385866
46.9107059623
48.1215614318
46.0155549775
50.6830553975
48.4538516276
50.5492049787
48.3200012088
48.0581791247
45.9521726703
52.164795472
49.873775581
51.0176814447
48.7884776748
52.164795472
49.873775581
46.5276632789
44.483038019
51.9587054903
49.6676855993
46.5892741349
44.544648875
49.0782385866
46.9107059623
49.2736998615
47.1061672371
46.7741067029
44.7294814429
