41.3993584666
38.9635324646
47.9882182911
45.3462828073
44.9276469485
42.4518893727
45.0737808189
42.5980232432
48.5606683299
45.8754288383
45.7296110285
43.2108427
45.0737808189
42.5980232432
47.1845216425
44.5826154841
45.0737808189
42.5980232432
45.0007138837
42.5249563079
45.0737808189
42.5980232432
43.616855338
41.2238934611
43.616855338
41.2238934611
45.0737808189
42.5980232432
44.4186727904
41.9828467884
45.8038564626
43.2850881342
47.9104373601
45.2685018762
45.952347331
43.4335790026
43.6875652753
41.2946033985
47.9882182911
45.3462828073
44.3467843541
41.9109583522
47.1845216425
44.5826154841
44.4186727904
41.9828467884
45.8781018968
43.3593335684
45.1468477542
42.6710901784
46.5309018033
43.9721530252
45.0737808189
42.5980232432
46.5309018033
43.9721530252
46.4554778702
43.8967290921
44.3467843541
41.9109583522
