3.05405103442
41.1220857393
1.81773554133
47.5914440976
2.53623813419
44.5609802818
3.2714840917
44.5980232432
1.08717914172
48.1546077239
1.08880026258
45.4401682132
2.54448762688
44.8343868795
1.81478929394
46.8477669993
1.81749116205
44.7919626371
1.81454491467
44.634047217
1.09049469723
44.7919626371
1.81736897242
43.3705210271
2.54431656138
43.3470606166
2.54448762688
44.7071141523
1.82043740944
43.9505887239
1.81761335169
45.4281966386
1.81478929394
47.5136631665
1.82350584647
45.6629045158
1.8203152198
43.2300872694
0.363547108266
47.6462828073
2.54448762688
43.8787002876
0.362957858788
46.8477669993
1.09226244567
44.0579201022
1.82055959908
45.5547881139
1.82043740944
44.7801810875
1.81761335169
46.1492791249
2.54448762688
44.5980232432
1.81761335169
46.2024560555
1.8146671043
46.0738551918
1.81749116205
43.8787002876
