2.35946393586
2.23561251846
1.08162372949
1.03059733653
1.07808823262
1.02706183966
0.359661477768
0.34353244551
1.07808823262
1.02706183966
2.52445378962
2.40060237222
3.97724399738
3.77885690061
1.80183719228
1.71471598016
2.52857853597
2.40472711857
1.07985598106
1.0288295881
2.52857853597
2.40472711857
3.25278907703
3.09179200959
2.52857853597
2.40472711857
1.08162372949
1.03059733653
0.360250727245
0.344121694987
1.08162372949
1.03059733653
1.07985598106
1.0288295881
2.53682802865
2.41297661125
0.360250727245
0.344121694987
1.80478343967
1.71766222755
0.359661477768
0.34353244551
1.80183719228
1.71471598016
1.08339147792
1.03236508496
1.80772968706
1.72060847494
1.08339147792
1.03236508496
1.08162372949
1.03059733653
0.359661477768
0.34353244551
1.80478343967
1.71766222755
1.07985598106
1.0288295881
0.359661477768
0.34353244551
