41.4
42.0
42.1
39.3
39.8
40.2
41.5
40.8
40.5
41.4
39.4
39.3
40.5
40.5
39.7
41.7
39.5
39.3
40.0
39.3
39.2
39.3
39.7
41.7
39.2
39.9
39.1
39.3
39.3
41.7
39.7
41.4
42.4
39.3
41.8
40.5
39.4
41.7
38.0
40.5
38.3
40.5
40.4
40.5
42.1
39.9
39.9
40.5
41.5
39.9
40.2
39.9
40.1
41.1
39.4
41.7
40.0
42.3
38.5
39.9
40.1
40.5
39.6
39.9
37.9
41.1
42.0
40.2
42.1
38.7
39.4
41.1
38.7
39.9
41.8
41.1
41.4
39.3
39.9
41.7
41.0
40.5
37.1
40.5
39.0
39.9
38.5
40.5
38.1
41.1
41.0
39.9
38.9
41.1
42.1
41.1
41.1
39.9
39.7
39.9
