25.65
30.9
30.39
30.9
30.36
30.2
30.19
30.2
30.39
30.9
30.45
30.7
30.19
30.1
30.45
30.1
30.1
29.9
30.16
29.5
30.72
29.5
30.1
30.1
30.45
29.5
30.39
29.4
30.16
30.6
30.39
30.1
30.39
31.3
30.39
32.5
30.07
30.7
30.1
30.1
30.72
29.5
30.66
31.9
30.66
32.0
30.69
31.3
30.75
32.1
30.6
30.7
30.16
30.6
30.63
30.7
30.33
31.4
30.6
30.7
30.21
30.6
30.63
30.1
30.33
30.0
30.33
31.8
30.69
31.9
30.69
30.7
30.69
31.9
30.8
31.4
30.54
32.0
30.66
29.4
30.89
30.7
30.95
30.0
30.98
31.3
30.89
30.7
30.63
30.1
31.28
32.5
30.83
30.1
30.6
31.9
30.92
31.8
31.15
32.0
