0.0300046550929
0.0294486550929
0.0300336678006
0.0294776678006
0.0300046550929
0.0294486550929
0.0301207059238
0.0295647059238
0.0300336678006
0.0294776678006
0.030091693216
0.029535693216
0.0301207059238
0.0295647059238
0.030091693216
0.029535693216
0.0300336678006
0.0294776678006
0.030091693216
0.029535693216
0.0300626805083
0.0295066805083
0.0300336678006
0.0294776678006
0.030091693216
0.029535693216
0.0300336678006
0.0294776678006
0.030091693216
0.029535693216
0.0300336678006
0.0294776678006
0.0300336678006
0.0294776678006
0.0300336678006
0.0294776678006
0.0300046550929
0.0294486550929
0.0300336678006
0.0294776678006
0.0300626805083
0.0295066805083
0.0300046550929
0.0294486550929
0.0300046550929
0.0294486550929
0.0300336678006
0.0294776678006
0.030091693216
0.029535693216
0.0299466296774
0.0293906296774
0.030091693216
0.029535693216
0.0299756423851
0.0294196423851
0.0299756423851
0.0294196423851
0.0299466296774
0.0293906296774
0.0298595915543
0.0293035915543
0.0299756423851
0.0294196423851
0.0299756423851
0.0294196423851
0.0299756423851
0.0294196423851
0.0300336678006
0.0294776678006
0.0300336678006
0.0294776678006
0.0300336678006
0.0294776678006
0.0298595915543
0.0293035915543
0.029888604262
0.029332604262
0.0300046550929
0.0294486550929
0.0299466296774
0.0293906296774
0.0300046550929
0.0294486550929
0.0300336678006
0.0294776678006
0.0299466296774
0.0293906296774
0.0299756423851
0.0294196423851
0.0300336678006
0.0294776678006
0.029888604262
0.029332604262
0.0299466296774
0.0293906296774
0.0299756423851
0.0294196423851
0.0299176169697
0.0293616169697
