6.94178067136
6.77319067136
11.1838670862
10.9067370862
11.1731323844
10.8960023844
10.9125741326
10.6432941326
11.1838670862
10.9067370862
11.2053364899
10.9282064899
11.2160711918
10.9389411918
11.2053364899
10.9282064899
10.8812404082
10.6119604082
11.2053364899
10.9282064899
11.1946017881
10.9174717881
10.8812404082
10.6119604082
11.2053364899
10.9282064899
10.8812404082
10.6119604082
11.2053364899
10.9282064899
11.1838670862
10.9067370862
10.8812404082
10.6119604082
11.1838670862
10.9067370862
10.8707958334
10.6015158334
10.8812404082
10.6119604082
11.1946017881
10.9174717881
11.1731323844
10.8960023844
11.1731323844
10.8960023844
11.1838670862
10.9067370862
11.2053364899
10.9282064899
11.1516629806
10.8745329806
10.9021295578
10.6328495578
11.1623976825
10.8852676825
10.8603512587
10.5910712587
11.1516629806
10.8745329806
10.8185729595
10.5492929595
11.1623976825
10.8852676825
11.1623976825
10.8852676825
10.8603512587
10.5910712587
11.1838670862
10.9067370862
11.1838670862
10.9067370862
11.1838670862
10.9067370862
11.1194588751
10.8423288751
11.1301935769
10.8530635769
11.1731323844
10.8960023844
11.1516629806
10.8745329806
11.4754889353
11.1904889353
11.1838670862
10.9067370862
11.4534392774
11.1684392774
11.1623976825
10.8852676825
11.4865137642
11.2015137642
11.4313896196
11.1463896196
11.1516629806
10.8745329806
11.4644641064
11.1794641064
11.4424144485
11.1574144485
