11.1731323844
10.8960023844
9.06590034018
8.84330034018
8.75499997693
8.54010997693
9.09201177713
8.86941177713
9.06590034018
8.84330034018
9.08330796481
8.86070796481
8.78865471789
8.57376471789
8.78024103265
8.56535103265
8.76341366217
8.54852366217
8.78024103265
8.56535103265
9.07460415249
8.85200415249
8.76341366217
8.54852366217
9.08330796481
8.86070796481
9.06590034018
8.84330034018
8.78024103265
8.56535103265
9.06590034018
8.84330034018
9.06590034018
8.84330034018
8.76341366217
8.54852366217
8.75499997693
8.54010997693
8.76341366217
8.54852366217
9.07460415249
8.85200415249
9.05719652786
8.83459652786
9.05719652786
8.83459652786
9.06590034018
8.84330034018
9.08330796481
8.86070796481
9.03978890323
8.81718890323
9.08330796481
8.86070796481
9.04849271554
8.82589271554
9.04849271554
8.82589271554
9.03978890323
8.81718890323
9.01367746628
8.79107746628
9.04849271554
8.82589271554
9.04849271554
8.82589271554
9.04849271554
8.82589271554
9.06590034018
8.84330034018
9.06590034018
8.84330034018
9.06590034018
8.84330034018
9.01367746628
8.79107746628
9.02238127859
8.79978127859
9.05719652786
8.83459652786
9.03978890323
8.81718890323
9.05719652786
8.83459652786
9.06590034018
8.84330034018
9.03978890323
8.81718890323
9.04849271554
8.82589271554
9.06590034018
8.84330034018
9.02238127859
8.79978127859
9.03978890323
8.81718890323
9.04849271554
8.82589271554
9.03108509091
8.80848509091
