29.2604858298
27.3427683323
29.2025562359
27.2848387383
28.543706505
26.6655295744
28.543706505
26.6655295744
29.2604858298
27.3427683323
29.0287674541
27.1110499566
28.4869713357
26.6087944051
28.4869713357
26.6087944051
28.3167658278
26.4385888972
27.8849728961
26.0486092598
27.8849728961
26.0486092598
28.4869713357
26.6087944051
27.8849728961
26.0486092598
27.8294321514
25.9930685151
28.9708378602
27.0531203626
28.4869713357
26.6087944051
29.6297180967
27.6700406773
30.7678826626
28.7265092511
29.0287674541
27.1110499566
28.4302361664
26.5520592358
27.8849728961
26.0486092598
30.1704480478
28.1687129549
30.2307664909
28.2290313981
29.6297180967
27.6700406773
30.3514033773
28.3496682844
29.0287674541
27.1110499566
28.9708378602
27.0531203626
29.0287674541
27.1110499566
29.6888421152
27.7291646959
29.0287674541
27.1110499566
28.9708378602
27.0531203626
28.4302361664
26.5520592358
28.3735009971
26.4953240665
30.1101296046
28.1083945118
30.1704480478
28.1687129549
29.0287674541
27.1110499566
30.1704480478
28.1687129549
29.7479661338
27.7882887144
30.2910849341
28.2893498412
27.8294321514
25.9930685151
29.0287674541
27.1110499566
28.3735009971
26.4953240665
29.5705940781
27.6109166588
29.0287674541
27.1110499566
28.4869713357
26.6087944051
30.7678826626
28.7265092511
28.4869713357
26.6087944051
30.1704480478
28.1687129549
30.1101296046
28.1083945118
30.2910849341
28.2893498412
