14.9885479581
14.0300750576
15.8515859096
14.8347038137
14.0371083791
13.1380435468
15.8200897232
14.8032076273
14.0930149474
13.1939501151
13.0919731951
12.2530978406
14.8993737523
13.9409008518
14.0091550949
13.1100902627
13.9252952425
13.0262304102
14.8993737523
13.9409008518
14.0091550949
13.1100902627
14.0091550949
13.1100902627
14.0091550949
13.1100902627
13.9812018108
13.0821369785
13.0657913621
12.2269160076
14.0091550949
13.1100902627
15.7570973503
14.7402152544
13.9532485266
13.0541836944
13.0919731951
12.2530978406
12.204178379
11.4240587026
13.1181550281
12.2792796736
13.0657913621
12.2269160076
14.869649017
13.9111761165
13.0919731951
12.2530978406
14.0371083791
13.1380435468
13.9812018108
13.0821369785
13.9532485266
13.0541836944
13.0919731951
12.2530978406
13.1181550281
12.2792796736
12.204178379
11.4240587026
13.9532485266
13.0541836944
13.9812018108
13.0821369785
12.1797679971
11.3996483208
14.8101995464
13.8517266459
14.8399242817
13.8814513812
13.0919731951
12.2530978406
11.2940345832
10.572380634
14.9290984875
13.9706255871
14.0091550949
13.1100902627
14.869649017
13.9111761165
14.869649017
13.9111761165
11.2940345832
10.572380634
12.1797679971
11.3996483208
12.204178379
11.4240587026
12.2285887608
11.4484690845
13.0657913621
12.2269160076
13.1181550281
12.2792796736
14.8399242817
13.8814513812
13.9252952425
13.0262304102
12.2285887608
11.4484690845
