38.498944702
35.8570092181
35.2169529464
32.7811269444
36.5231771886
34.0044088601
35.9404139143
33.4646563386
36.5974226228
34.0786542943
35.8673469791
33.3915894033
36.300440886
33.7816725576
37.5326151975
34.9307090391
36.300440886
33.7816725576
35.2169529464
32.7811269444
36.4489317544
33.930163426
37.6092176296
35.0073114712
36.4489317544
33.930163426
35.1450645101
32.7092385081
37.4560127654
34.854106607
37.178334093
34.6195853149
35.2169529464
32.7811269444
38.1100400467
35.4681045628
39.2682133032
36.5428956102
36.8766383604
34.3178895823
36.4489317544
33.930163426
35.7212131086
33.2454555328
36.9520622935
34.3933135154
36.9520622935
34.3933135154
36.9520622935
34.3933135154
35.7212131086
33.2454555328
38.0322591156
35.3903236317
38.1878209777
35.5458854939
40.3440871363
37.5351917306
36.3746863202
33.8559179918
36.8766383604
34.3178895823
37.5326151975
34.9307090391
36.8012144272
34.2424656491
36.7257904941
34.167041716
34.4952734229
32.1023115461
36.8012144272
34.2424656491
36.3746863202
33.8559179918
38.0322591156
35.3903236317
37.6092176296
35.0073114712
38.1100400467
35.4681045628
36.3746863202
33.8559179918
37.5326151975
34.9307090391
36.9520622935
34.3933135154
37.0274862267
34.4687374486
36.9520622935
34.3933135154
35.7212131086
33.2454555328
37.6092176296
35.0073114712
36.9520622935
34.3933135154
36.8012144272
34.2424656491
36.9520622935
34.3933135154
