2.62492804786
38.1021705084
3.17529903615
34.9993087626
2.60879837061
36.2337343733
3.76794662005
35.7192017931
3.77592455632
36.3079798075
2.60327518397
35.6279530397
3.1690861091
36.0541065752
3.17583667056
37.1958605543
2.01669116033
35.8139306221
3.17529903615
34.9993087626
2.02494065302
36.1841223702
3.18231841481
37.2724629864
2.60349512531
36.2025974435
3.16881729189
34.939346035
3.1693549263
37.1192581222
3.19501308612
36.8498883452
3.17529903615
34.9993087626
1.44356212298
37.5971368209
1.44368431262
38.8560920911
2.59288863472
36.5826012147
3.18204959761
36.1841223702
3.74496589042
35.4393949268
2.02081590668
36.6236165457
2.59819188001
36.4578296445
2.02081590668
36.6236165457
3.16881729189
35.463637351
2.01686222583
37.6354849221
2.60371506666
37.6749177519
0.864516152921
40.0122200786
2.59819188001
36.109876936
2.59288863472
36.5481926126
1.44356212298
37.0274832327
3.16260436484
36.5071772816
2.58228214412
36.4317533485
3.16206673043
34.2841297279
3.16260436484
36.5071772816
2.59819188001
36.109876936
2.01686222583
37.6354849221
0.867905022221
37.2724629864
2.59841182136
37.5971368209
3.17556785335
36.0513725372
2.02098697217
37.1418527341
2.02081590668
36.6236165457
2.60349512531
36.758473519
3.17556785335
36.6236165457
3.16881729189
35.463637351
2.60371506666
37.2184551662
3.17556785335
36.6236165457
2.01256641399
36.4195917489
2.02081590668
36.6236165457
