0.865958420646
0.814932027684
3.72943454028
3.49307090391
2.01298524296
1.88913382556
3.7447550267
3.50839139033
2.01710998931
1.89325857191
3.16054422126
2.96215712449
3.14758073275
2.94919363598
1.43061002132
1.3434888092
0.28423754462
0.268108512362
3.72943454028
3.49307090391
2.5845801693
2.42358310185
1.43355626871
1.34643505659
3.16054422126
2.96215712449
4.29582123381
4.02162768542
1.42766377393
1.34054256181
1.43944876348
1.35232755136
3.72943454028
3.49307090391
0.284826794097
0.268697761839
0.85711967848
0.806093285518
2.00061100393
1.87675958653
2.5845801693
2.42358310185
2.00061100393
1.87675958653
1.43061002132
1.3434888092
0.284826794097
0.268697761839
1.43061002132
1.3434888092
2.5739736787
2.41297661125
0.855351930047
0.804325537085
0.285416043575
0.269287011317
2.00061100393
1.87675958653
2.579276924
2.41827985655
1.42766377393
1.34054256181
0.284826794097
0.268697761839
1.99648625759
1.87263484019
1.99236151124
1.86851009384
3.71411405385
3.47775041749
1.99648625759
1.87263484019
2.579276924
2.41827985655
0.855351930047
0.804325537085
1.43355626871
1.34643505659
0.284826794097
0.268697761839
1.43061002132
1.3434888092
0.85711967848
0.806093285518
1.43061002132
1.3434888092
2.5845801693
2.42358310185
1.43061002132
1.3434888092
2.5739736787
2.41297661125
0.858887426913
0.807861033951
1.43061002132
1.3434888092
0.853584181614
0.802557788652
1.43061002132
1.3434888092
