12.3227018573
12.2992639296
12.271826002
12.274826002
12.3207018573
12.2199501466
12.2493880743
12.2473880743
12.1740742913
12.2493880743
12.2473880743
12.2473880743
12.2473880743
12.2229501466
12.195512219
12.2473880743
12.2259501466
12.198512219
12.2199501466
12.2179501466
12.2443880743
12.195512219
12.2249501466
12.2199501466
12.271826002
12.2229501466
12.198512219
12.2199501466
12.2443880743
12.2179501466
12.198512219
12.2229501466
12.193512219
12.1760742913
12.200512219
12.2199501466
12.191512219
12.273826002
12.2473880743
12.2249501466
12.2249501466
12.191512219
12.193512219
12.2179501466
12.2423880743
12.195512219
12.2443880743
12.200512219
12.1740742913
12.2423880743
