48.9
49.0
50.0
52.7
50.6
50.1
52.2
49.4
51.4
49.4
48.9
50.1
52.2
50.1
46.7
49.4
54.0
51.6
47.8
49.4
51.5
48.7
53.7
50.9
52.3
50.1
52.7
49.4
52.9
50.5
51.2
50.1
46.0
48.6
48.3
47.9
52.4
51.2
50.7
50.1
50.0
50.9
50.5
49.4
52.4
50.9
52.2
49.4
53.9
50.9
48.5
49.4
48.8
48.2
55.2
47.2
46.3
51.6
49.2
48.7
52.0
48.7
51.1
46.4
46.5
47.9
48.7
50.1
52.2
51.6
50.6
48.2
48.7
48.7
52.4
48.7
53.8
49.4
53.0
48.7
50.1
49.0
52.2
50.9
48.0
49.7
51.2
49.7
54.8
48.7
47.4
48.8
49.3
48.2
50.5
49.4
52.9
50.9
52.2
50.9
