1.29442241925
1.24339602629
2.16840610724
2.08128489512
2.00715878394
1.92003757182
1.2836725977
1.23264620474
0.0175159217986
0.0169599217986
0.427011100505
0.410882068247
1.2836725977
1.23264620474
0.0176136735093
0.0170576735093
1.29800569311
1.24697930014
1.29800569311
1.24697930014
1.29800569311
1.24697930014
2.16840610724
2.08128489512
2.16243398415
2.07531277203
1.29621405618
1.24518766322
1.30158896696
1.25056257399
2.12062912256
2.03350791044
20.7695654158
19.6261880942
11.0450220682
10.4601735833
2.11764306101
2.03052184889
0.0172959804497
0.0167399804497
0.0174670459433
0.0169110459433
0.429997162047
0.413868129789
2.16542004569
2.07829883357
2.15944792261
2.07232671049
3.00420638129
2.88035496389
1.2836725977
1.23264620474
1.29263078233
1.24160438937
3.74068764459
3.57969057714
0.0174670459433
0.0169110459433
0.429399949739
0.413270917481
2.15048973798
2.06336852586
2.16243398415
2.07531277203
0.0175403597263
0.0169843597263
0.0174426080156
0.0168866080156
1.28546423463
1.23443784167
0.017271542522
0.016715542522
0.0174426080156
0.0168866080156
2.16542004569
2.07829883357
1.29263078233
1.24160438937
0.430594374356
0.414465342098
1.29442241925
1.24339602629
2.15944792261
2.07232671049
0.429399949739
0.413270917481
0.0174670459433
0.0169110459433
1.26038131767
1.20935492471
0.378039691208
0.36191065895
0.430594374356
0.414465342098
0.430594374356
0.414465342098
2.13854549181
2.05142427969
1.28546423463
1.23443784167
