49.9665023334
47.6754824424
50.1725923152
47.8815724242
51.2647582219
48.7281251093
53.3938872285
50.9195776515
53.8379533127
51.3636437356
50.8350418575
48.4820608698
53.3938872285
50.9195776515
48.9429999523
46.7137961824
55.2812288763
52.7445957637
48.8091495335
46.5799457636
52.6938228236
50.2787357637
54.0599863547
51.5856767777
52.6215832607
50.2064962008
53.9119643267
51.4376547497
54.1339973688
51.6596877917
51.6102293804
49.1951423205
27.9824552847
26.42366046
40.0419470981
37.8127433282
52.8017991163
50.3274895392
53.1718541864
50.6975446094
52.4048645721
49.9897775121
52.4771041349
50.062017075
52.6938228236
50.2787357637
52.5493436978
50.1342566379
53.4678982425
50.9935886655
49.55432237
47.263302479
49.8978056729
47.6067857819
54.2500098977
51.6509082739
48.5414486957
46.3122449258
51.1169143044
48.7639333167
52.3326250092
49.9175379493
51.3283186396
48.9753376519
48.742224324
46.5130205541
51.0464461927
48.693465205
53.4678982425
50.9935886655
53.0978431724
50.6235335953
51.0464461927
48.693465205
52.6938228236
50.2787357637
55.0538814808
52.5172483682
55.129663946
52.5930308334
51.2578505278
48.9048695402
52.5493436978
50.1342566379
49.8291090123
47.5380891213
53.6899312846
51.2156217076
56.2063381572
53.5446230468
49.596774918
46.9976732943
51.2578505278
48.9048695402
52.5493436978
50.1342566379
53.3198762145
50.8455666374
53.4678982425
50.9935886655
