44.6343380992
42.1985120973
49.03442491
46.3491854183
46.6063257365
44.0475769584
45.952347331
43.4335790026
45.2199146894
42.7441571137
45.952347331
43.4335790026
46.7571736028
44.1984248247
45.2929816247
42.8172240489
46.6063257365
44.0475769584
47.4909313709
44.8890252126
45.2199146894
42.7441571137
47.4909313709
44.8890252126
47.4909313709
44.8890252126
44.4905612267
42.0547352247
46.8325975359
44.2738487578
46.6817496696
44.1230008915
45.9997993367
43.2744816436
43.81564021
41.2568914319
47.567533803
44.9656276447
46.6817496696
44.1230008915
47.4143289388
44.8124227804
46.5309018033
43.9721530252
45.952347331
43.4335790026
45.952347331
43.4335790026
47.9882182911
45.3462828073
45.952347331
43.4335790026
43.8996950873
41.5067332105
44.562449663
42.126623661
48.79754662
46.1123071283
45.2199146894
42.7441571137
45.8781018968
43.3593335684
42.3651841787
40.0548224974
43.7582752126
41.3653133358
45.2929816247
42.8172240489
47.4909313709
44.8890252126
43.8996950873
41.5067332105
46.0265927652
43.5078244368
45.2199146894
42.7441571137
44.562449663
42.126623661
44.4905612267
42.0547352247
44.7062265355
42.2704005336
47.4909313709
44.8890252126
45.3660485599
42.8902909841
46.8325975359
44.2738487578
44.4186727904
41.9828467884
46.0783582044
43.5196094263
46.1008381994
43.582069871
44.4905612267
42.0547352247
45.2199146894
42.7441571137
47.4143289388
44.8124227804
