3.2926970729
44.3809167894
2.56149980873
48.6840339032
2.54878343871
46.3122885908
2.55290818506
45.4658370671
3.2820905823
44.8532480227
3.28231052365
45.4658370671
2.5570329314
46.2629409537
3.2873938276
44.9778301095
4.00523111798
46.1120930874
1.0959445701
47.1001689076
2.55273711956
44.8532480227
2.5572039969
47.1001689076
1.8265742835
46.9857994061
4.01144404503
44.0224771602
2.56115767775
46.4509748575
2.55290818506
46.3533039218
1.69116909326
45.4680300307
3.08078720227
43.5216030644
2.56132874324
47.2657253964
2.55290818506
46.1875170206
2.55307925055
47.0235664755
1.81761335169
46.280657424
4.01171286223
45.576687507
2.55290818506
45.6629045158
1.81773554133
47.6462828073
2.55290818506
45.629033548
3.29247713155
43.4422170814
1.82632990422
44.3090283531
1.82080397836
48.4471556131
2.55273711956
44.9987025682
1.82055959908
45.5547881139
3.2869539449
42.1752526049
3.28187064095
43.4562224267
4.01792578928
44.926314958
3.28783371029
46.9857994061
3.29247713155
43.6299003659
1.82645209386
45.5400825013
2.55273711956
44.9623389318
4.01792578928
44.2851769357
3.2820905823
44.1804928005
3.29800031819
44.4528052257
2.5572039969
46.9857994061
3.2926970729
45.0508970447
1.82939834125
46.3383648868
3.276787337
44.1414000631
1.79993586736
45.5841255554
1.09763900475
45.6143279355
4.01144404503
44.1804928005
4.74079750776
44.8532480227
2.55307925055
47.0235664755
