3.27400205823
3.11300499078
1.81656842922
1.7294472171
2.53270328231
2.40885186491
0.360839976723
0.344710944465
1.08515922636
1.03413283339
0.360839976723
0.344710944465
0.361429226201
0.345300193943
1.81362218183
1.72650096971
0.360250727245
0.344121694987
1.08692697479
1.03590058183
1.08515922636
1.03413283339
1.08692697479
1.03590058183
0.361429226201
0.345300193943
0.360839976723
0.344710944465
1.08869472322
1.03766833026
1.81067593445
1.72355472232
0.334323750226
0.318194717968
2.38008766758
2.25623625018
2.54507752134
2.42122610394
0.360839976723
0.344710944465
1.08515922636
1.03413283339
3.97724399738
3.77885690061
1.08515922636
1.03413283339
2.53682802865
2.41297661125
1.80478343967
1.71766222755
1.81067593445
1.72355472232
0.362018475679
0.34588944342
3.26869881293
3.10770174548
1.80772968706
1.72060847494
4.71760591441
4.48124227804
1.80772968706
1.72060847494
5.45369645753
5.17950290914
1.81067593445
1.72355472232
1.08692697479
1.03590058183
0.361429226201
0.345300193943
2.54507752134
2.42122610394
0.361429226201
0.345300193943
3.26339556763
3.10239850018
2.540952775
2.4171013576
1.81067593445
1.72355472232
3.27930530353
3.11830823608
0.361429226201
0.345300193943
1.81656842922
1.7294472171
0.362018475678
0.34588944342
2.53270328231
2.40885186491
0.356125980901
0.339996948643
0.362018475679
0.34588944342
1.81067593445
1.72355472232
1.08515922636
1.03413283339
1.08515922636
1.03413283339
