17.7749217986
17.8482355816
16.5315874878
17.6302942326
17.7769217986
17.6292942326
17.6302942326
17.8716735093
17.826797654
17.822797654
17.825797654
17.8502355816
17.8013597263
17.8013597263
17.8746735093
17.459228739
14.4149257087
14.62142913
17.4347908113
17.5569804497
17.7280459433
17.752483871
17.825797654
17.7769217986
17.6547321603
17.6282942326
17.750483871
17.094659824
17.7250459433
17.7270459433
17.7036080156
17.8003597263
17.7983597263
17.7026080156
17.6547321603
17.532542522
17.7026080156
17.825797654
17.753483871
17.7779217986
17.7759217986
17.7769217986
17.7260459433
17.7280459433
17.315601173
15.6283841642
17.7759217986
17.7769217986
17.605856305
17.6547321603
