57.3
60.1
61.8
56.5
59.5
57.9
61.8
58.7
56.3
56.5
59.6
58.7
61.0
58.3
55.9
57.2
55.3
57.1
59.1
55.7
59.0
58.3
59.9
57.2
59.1
58.7
55.4
58.1
58.5
58.7
58.4
60.1
59.6
57.2
59.2
60.5
58.8
57.2
62.2
57.2
58.4
55.7
60.6
57.2
59.5
59.4
59.1
58.7
61.8
55.7
59.3
60.9
58.9
58.3
57.9
53.5
59.5
60.9
59.0
55.7
57.2
55.7
53.4
56.5
57.4
56.5
58.4
57.9
62.0
57.9
60.7
58.7
57.4
59.1
61.1
58.7
60.4
60.1
59.5
58.3
58.2
56.8
59.2
57.2
57.7
60.1
57.0
57.9
60.8
58.7
60.4
56.1
57.7
57.2
58.7
57.9
59.2
57.2
59.5
59.4
61.8
58.7
