0.034066434174
0.033510434174
0.0341244595894
0.0335684595894
0.0342114977126
0.0336554977126
0.0340084087586
0.0334524087586
0.0341244595894
0.0335684595894
0.0341244595894
0.0335684595894
0.0341244595894
0.0335684595894
0.0340954468817
0.0335394468817
0.0333701291887
0.0328141291887
0.0340954468817
0.0335394468817
0.0341824850049
0.0336264850049
0.0341534722972
0.0335974722972
0.0341244595894
0.0335684595894
0.0329349385728
0.0323789385728
0.0340954468817
0.0335394468817
0.0340954468817
0.0335394468817
0.0341534722972
0.0335974722972
0.0340954468817
0.0335394468817
0.0341244595894
0.0335684595894
0.0341534722972
0.0335974722972
0.0341244595894
0.0335684595894
0.0341244595894
0.0335684595894
0.0341534722972
0.0335974722972
0.0340954468817
0.0335394468817
0.0341534722972
0.0335974722972
0.034066434174
0.033510434174
0.0340954468817
0.0335394468817
0.0340954468817
0.0335394468817
0.034066434174
0.033510434174
0.0340954468817
0.0335394468817
0.0340954468817
0.0335394468817
0.034066434174
0.033510434174
0.0340374214663
0.0334814214663
0.0340374214663
0.0334814214663
0.034066434174
0.033510434174
0.0340954468817
0.0335394468817
0.0340374214663
0.0334814214663
0.0340954468817
0.0335394468817
0.0340374214663
0.0334814214663
0.0340954468817
0.0335394468817
0.0340084087586
0.0334524087586
0.034066434174
0.033510434174
0.0340084087586
0.0334524087586
0.034066434174
0.033510434174
0.0340374214663
0.0334814214663
0.0340374214663
0.0334814214663
0.0340084087586
0.0334524087586
0.0340374214663
0.0334814214663
0.0340374214663
0.0334814214663
0.0340954468817
0.0335394468817
0.034066434174
0.033510434174
