0.409691943558
0.3935629113
2.03701939937
1.94989818725
1.23529840071
1.18427200775
2.03403333782
1.9469121257
0.0168072218964
0.0162512218964
0.40909473125
0.392965698992
1.21917366838
1.16814727542
0.384609026601
0.368479994343
2.53599193142
2.41214051402
1.25142313304
1.20039674008
1.20304893605
1.15202254309
1.24425658534
1.19323019238
1.22813185301
1.17710546005
5.38035878604
5.10616523766
0.409691943558
0.3935629113
0.0167339081134
0.0161779081134
0.40909473125
0.392965698992
0.406705882016
0.390576849758
1.22096530531
1.16993891235
2.04896364554
1.96184243342
0.40909473125
0.392965698992
2.03403333782
1.9469121257
1.23529840071
1.18427200775
1.22813185301
1.17710546005
1.23529840071
1.18427200775
1.23171512686
1.1806887339
1.22454857916
1.1735221862
1.22634021609
1.17531382312
0.408497518941
0.392368486683
0.0165872805474
0.0160312805474
0.408497518941
0.392368486683
0.0166361564027
0.0160801564027
1.21738203146
1.1663556385
0.40909473125
0.392965698992
2.8787917965
2.7549403791
0.408497518941
0.392368486683
0.410289155867
0.394160123609
2.04896364554
1.96184243342
1.22992348994
1.17889709697
2.87043082418
2.74657940678
0.407900306633
0.391771274375
0.406705882016
0.390576849758
1.22275694223
1.17173054927
0.407303094324
0.391174062066
2.04000546091
1.95288424879
2.02806121474
1.94094000262
1.22275694223
1.17173054927
0.403122608165
0.386993575907
2.0250751532
1.93795394108
1.21200712068
1.16098072772
2.86625033802
2.74239892062
