59.8515093197
56.9449623971
62.9895767741
59.8967681665
61.2584542626
58.2887139511
62.8978512486
59.805042641
59.1323763817
56.2854144152
62.2228596138
59.1897809377
62.8978512486
59.805042641
58.5347425645
55.5016638884
56.0184368344
52.9256282267
60.8020322125
57.8954852899
60.8735484982
57.8404698221
61.6993673787
58.7296270672
60.9057237697
57.9359834582
53.2338355492
50.2640952377
61.0820890162
58.1123487046
61.3466368858
58.3768965743
62.2228596138
59.1897809377
61.8630433163
58.8299646403
60.5529932768
57.5832529653
63.3564788762
60.2636702686
60.9939063929
58.0241660814
61.6831351676
58.6500564915
61.2584542626
58.2887139511
60.9057237697
57.9359834582
63.7233809783
60.6305723707
61.0820890162
58.1123487046
60.7293585233
57.7596182117
59.5922758035
56.6857288809
62.1329055394
59.0998268634
62.0429514651
59.009872789
59.6786869756
56.772140053
56.0828617469
53.361706656
59.1602199431
56.2536730205
60.9939063929
58.0241660814
62.3128136882
59.2797350121
63.3564788762
60.2636702686
59.9379204918
57.0313735692
62.1329055394
59.0998268634
62.2228596138
59.1897809377
59.6786869756
56.772140053
60.8175411465
57.847800835
61.8630433163
58.8299646403
59.4194534593
56.5129065368
59.5058646314
56.5993177088
61.8630433163
58.8299646403
61.5032270188
58.4701483428
59.4194534593
56.5129065368
61.3233188701
58.290240194
60.2002627839
57.2305224724
61.3233188701
58.290240194
62.0429514651
59.009872789
