56.5523769528
53.4072156624
53.4706035858
50.4939662446
55.0986014403
52.0377998762
54.3736198424
51.3530919831
52.8340582854
49.8976457732
55.0090355196
51.9482339556
54.0200701557
50.9995422965
54.2925081547
51.2317065907
53.5549725489
50.4538972801
52.0219330759
49.1292644542
54.7403377578
51.6795361938
54.196844999
51.1763171398
54.2852324207
51.2647045615
52.919761612
49.8186863431
54.196844999
51.1763171398
57.184306009
53.9988221381
53.6450214312
50.66838409
56.8119003391
53.6264164682
53.3833946631
50.4067573219
54.1084575774
51.0879297181
52.8340582854
49.8976457732
54.1084575774
51.0879297181
54.8299036784
51.7691021144
56.3685311157
53.2233698254
54.3736198424
51.3530919831
56.9981031741
53.8126193031
53.9316827341
50.9111548748
49.7696636691
47.0008953407
57.0912045916
53.9057207206
51.2994062276
48.446913559
51.3830796535
48.5305869848
53.3833946631
50.4067573219
52.6619974379
49.7255849257
55.8235830382
52.7225077693
54.919469599
51.858668035
54.8299036784
51.7691021144
54.462007264
51.4414794048
55.0090355196
51.9482339556
55.5513497794
52.4502745106
53.2961857404
50.3195483992
52.5759670141
49.6395545019
52.7480278616
49.8116153494
55.5513497794
52.4502745106
53.5578125085
50.5811751673
54.1084575774
51.0879297181
52.4899365904
49.5535240782
52.8340582854
49.8976457732
54.1084575774
51.0879297181
53.3833946631
50.4067573219
55.5513497794
52.4502745106
54.2852324207
51.2647045615
