2.53760665814
55.9233446947
1.80643931033
53.0112682974
1.81245399475
54.6231371196
3.26241719054
53.9667283468
2.53313978081
52.4415851671
2.5333108463
54.533571199
3.24120420934
53.682826754
1.78593776825
53.6833194939
2.43431693404
52.9377682479
2.52884396897
51.6383553633
2.52093660727
54.131149097
1.80656149997
53.5956719785
3.25711394524
53.6840594002
3.77998297228
52.3025573109
3.25181069994
53.5956719785
1.80962993699
56.7518524411
2.53726452715
53.3592931809
2.51698292642
56.3138064975
2.52489028812
52.9240593747
1.80361525258
53.5072845569
1.80938555772
52.4808324789
1.80361525258
53.7015660818
3.24650745464
54.2207150176
1.08401021376
55.7394988577
0.362490798949
53.7724468218
2.5252324191
56.5000093324
3.23590096404
53.3305097135
2.52454815713
49.5099862498
2.52935716545
56.6587510236
3.25137081724
50.9593280263
3.25667406254
51.0048294091
1.80349306294
52.9240593747
2.52489028812
52.3373151309
1.08747239685
55.2063787371
1.80656149997
54.4440052784
2.52506135361
54.3544393578
3.26772043584
54.0551157684
2.5333108463
54.3998468588
3.24650745464
54.9341454784
3.96120299422
52.898336278
3.24098426799
52.2512847072
3.25159075859
52.3555547433
3.24650745464
55.133607844
3.25689400389
52.9682719415
3.24650745464
53.5072845569
2.51664079543
52.0974634721
3.25689400389
52.4415851671
2.52506135361
53.6392493662
2.52489028812
52.9240593747
2.52506135361
55.0696293493
3.25711394524
53.8783409251
