0.358482978812
0.342353946554
1.07455273576
1.0235263428
1.07808823262
1.02706183966
1.79889094489
1.71176973277
1.7959446975
1.70882348538
1.07632048419
1.02529409123
3.22096960524
3.05997253779
0.353179733513
0.337050701255
0.343751741869
0.327622709611
1.79299845011
1.70587723799
0.356125980901
0.339996948643
0.357304479857
0.341175447599
0.357893729334
0.341764697076
0.339626995525
0.323497963267
0.357304479857
0.341175447599
1.7959446975
1.70882348538
4.68696494157
4.4506013052
1.06924949046
1.0182230975
1.07278498732
1.02175859436
0.356715230379
0.340586198121
2.51620429693
2.39235287953
1.79005220273
1.7029309906
0.356715230379
0.340586198121
0.357304479857
0.341175447599
0.358482978812
0.342353946554
1.07278498732
1.02175859436
0.355536731424
0.339407699166
4.66398421194
4.42762057557
1.79299845011
1.70587723799
2.51207955059
2.38822813319
1.7959446975
1.70882348538
1.07278498732
1.02175859436
3.22627285054
3.06527578309
0.358482978812
0.342353946554
1.07455273576
1.0235263428
1.07278498732
1.02175859436
1.80183719228
1.71471598016
0.357893729334
0.341764697076
0.356715230379
0.340586198121
1.78710595534
1.69998474322
3.22096960524
3.05997253779
1.79299845011
1.70587723799
1.79005220273
1.7029309906
0.357893729334
0.341764697076
0.356715230379
0.340586198121
1.78415970795
1.69703849583
1.7959446975
1.70882348538
1.07278498732
1.02175859436
1.07278498732
1.02175859436
1.07278498732
1.02175859436
1.7959446975
1.70882348538
