16.9265943304
16.7819667644
16.9764701857
16.7575288368
17.0732218964
16.9041564027
16.7575288368
15.9022013685
14.924684262
17.1954115347
16.5375874878
17.098659824
16.8787184751
14.7526187683
16.9275943304
17.0009081134
16.9041564027
16.8064046921
16.7809667644
16.8797184751
16.9031564027
16.7575288368
16.9764701857
16.8787184751
16.9774701857
16.9275943304
16.8298426197
16.8532805474
16.8797184751
16.8552805474
16.8777184751
16.9001564027
16.7310909091
16.9031564027
16.9285943304
16.8797184751
16.9510322581
16.8797184751
16.9041564027
16.8777184751
16.8542805474
16.8064046921
16.8044046921
16.8288426197
16.8064046921
16.7086529814
16.8044046921
16.6597771261
16.6832150538
16.6597771261
16.8552805474
