0.0260589268426
0.0255029268426
0.0260589268426
0.0255029268426
0.0260589268426
0.0255029268426
0.0259428760117
0.0253868760117
0.0259718887195
0.0254158887195
0.0260299141349
0.0254739141349
0.0260589268426
0.0255029268426
6.53071900293
6.34671900293
0.0260009014272
0.0254449014272
0.0260009014272
0.0254449014272
0.0260009014272
0.0254449014272
0.025913863304
0.025357863304
0.0259428760117
0.0253868760117
0.0259718887195
0.0254158887195
0.0260299141349
0.0254739141349
0.0258558378886
0.0252998378886
0.0259718887195
0.0254158887195
0.0260589268426
0.0255029268426
0.0260009014272
0.0254449014272
0.025913863304
0.025357863304
0.0259428760117
0.0253868760117
0.0261459649658
0.0255899649658
0.0260009014272
0.0254449014272
