24.1784526952
23.4626926952
23.9156434268
23.2076634268
23.9156434268
23.2076634268
24.0716859308
23.3559259308
24.3612465091
23.6367765091
24.1517610041
23.4360010041
24.1784526952
23.4626926952
23.8100371707
23.1020571707
23.8628402987
23.1548602987
24.125069313
23.409309313
24.3882283273
23.6637583273
24.3072828727
23.5828128727
23.8100371707
23.1020571707
23.5744998475
22.8742998475
24.1517610041
23.4360010041
23.9916108575
23.2758508575
24.0983776219
23.3826176219
23.9156434268
23.2076634268
23.8628402987
23.1548602987
24.0449942397
23.3292342397
24.0716859308
23.3559259308
24.5231374182
23.7986674182
24.3882283273
23.6637583273
