23.6528341584
22.9526341584
23.3891348899
22.6976048899
23.9156434268
23.2076634268
23.8100371707
23.1020571707
23.8364387347
23.1284587347
23.6267227214
22.9265227214
23.9156434268
23.2076634268
23.8100371707
23.1020571707
23.6006112845
22.9004112845
23.8628402987
23.1548602987
23.3374922702
22.6459622702
23.7836356066
23.0756556066
23.5483884106
22.8481884106
23.8364387347
23.1284587347
23.8892418628
23.1812618628
23.9916108575
23.2758508575
23.8364387347
23.1284587347
23.9156434268
23.2076634268
23.6006112845
22.9004112845
23.5222769736
22.8220769736
23.5483884106
22.8481884106
23.9948481189
23.2868681189
24.125069313
23.409309313
