21.5479000109
20.9124000109
21.2843107425
20.6573707425
21.0215414741
20.4023414741
21.1903095695
20.5633695695
21.2138098628
20.5868698628
21.2608104493
20.6338704493
21.5479000109
20.9124000109
21.4527383296
20.8172383296
20.9751211417
20.3559211417
21.237310156
20.610370156
21.5003191703
20.8648191703
21.1668092762
20.5398692762
21.1903095695
20.5633695695
21.2138098628
20.5868698628
20.9983313079
20.3791313079
21.1198086897
20.4928686897
21.2138098628
20.5868698628
21.5479000109
20.9124000109
21.5003191703
20.8648191703
21.4289479093
20.7934479093
21.1903095695
20.5633695695
21.3548116223
20.7278716223
21.5003191703
20.8648191703
