63.2359361518
59.1849341968
64.5070102453
60.3745811153
62.3602831837
58.3548090879
63.2359361518
59.1849341968
62.8308864828
58.825412387
60.9788225649
57.0546778923
62.4779340085
58.4724599127
62.998245653
58.947243698
63.7514335245
59.659717982
63.6313938505
59.539678308
61.8436402622
57.8788308781
62.998245653
58.947243698
64.5070102453
60.3745811153
62.8794004036
58.8283984486
63.2359361518
59.1849341968
63.2359361518
59.1849341968
61.7271838621
57.7623744779
63.8714731985
59.779757656
62.5955848333
58.5901107375
62.998245653
58.947243698
61.9600966624
57.9952872782
64.3857761467
60.2533470167
63.1170909024
59.0660889474
