11.9958414348
11.2741874855
12.9364898343
12.1563701579
11.01289413
10.350269854
12.9364898343
12.1563701579
9.20815833235
8.66228862268
12.8632586887
12.0831390124
11.0337616096
10.3711373335
14.7638937668
13.8648289345
11.0337616096
10.3711373335
11.01289413
10.350269854
12.9120794524
12.1319597761
13.8250645189
12.9861891644
11.0546290891
10.3920048131
12.8632586887
12.0831390124
12.9364898343
12.1563701579
11.9958414348
11.2741874855
11.01289413
10.350269854
13.8774281849
13.0385528304
11.9958414348
11.2741874855
11.01289413
10.350269854
11.9958414348
11.2741874855
13.8512463519
13.0123709974
12.9120794524
12.1319597761
