66.0711940774
61.5765704215
61.856595119
57.6580613947
64.137923316
59.7711100218
65.2136340863
60.7598706454
63.0628260182
58.7776354024
65.8119243072
61.3173006513
64.8646210473
60.4569964139
66.2794011442
61.7439172732
66.0711940774
61.5765704215
65.8119243072
61.3173006513
64.137923316
59.7711100218
63.2886616934
58.9626597384
64.137923316
59.7711100218
65.9415591923
61.4469355364
63.6634243612
59.3374224062
65.2136340863
60.7598706454
65.9415591923
61.4469355364
66.5410279123
62.0055440413
65.3420904724
60.8883270315
64.6100652729
60.2024406395
62.9390836279
58.653893012
65.3420904724
60.8883270315
64.3901220925
60.0233087983
