2.70291248499
65.4690435398
4.50412100381
61.4639264973
2.69738929834
63.5574247823
3.88888643634
64.467788534
4.50448757273
62.6163450798
3.88888643634
64.8656877481
3.30329088667
64.4053835106
2.68700274909
65.5198703524
3.90420692276
65.4099037549
2.69230599439
65.1506339847
2.69738929834
63.6306408136
3.88090850007
62.7861201489
3.89622898649
63.6306408136
3.29707795962
65.1888710203
4.50448757273
63.2385954267
4.48717665731
64.6595773903
2.09814051976
65.2802688698
2.09814051976
65.5861892026
2.69760923969
64.7454140306
3.88856874328
63.9660770031
4.49564883056
62.4412830414
3.29707795962
64.7454140306
4.51332631489
63.88283959
