2.08310593081
1.95925451341
5.66900292937
5.3179765364
2.07898118447
1.95512976707
0.887171401844
0.836145008882
4.47259607713
4.19840252874
0.294844035219
0.278715002961
4.47259607713
4.19840252874
0.88540365341
0.834377260449
1.4865887217
1.39946750958
1.48069622692
1.3935750148
3.2707338736
3.07234677682
3.25777038509
3.05938328831
3.2707338736
3.07234677682
0.888939150277
0.837912757315
5.0710194446
4.75818953257
2.66943209409
2.50843502665
1.48364247431
1.39652126219
0.295433284696
0.279304252438
2.07898118447
1.95512976707
1.48069622692
1.3935750148
3.2707338736
3.07234677682
2.07898118447
1.95512976707
3.28369736211
3.08531026533
