38.09
38.7
37.92
38.1
38.49
37.5
38.49
37.5
38.82
36.3
38.41
40.7
38.3
39.4
38.45
37.5
38.41
38.1
38.7
38.2
38.49
38.1
38.62
38.8
38.33
37.5
38.37
38.2
38.74
36.8
38.37
38.7
38.49
38.8
38.54
38.2
38.7
38.1
38.62
38.1
38.22
40.0
38.37
38.8
38.62
37.5
38.74
39.5
38.54
38.2
38.7
36.2
38.22
39.9
38.66
38.0
38.3
37.2
38.62
38.0
38.46
39.3
38.62
39.4
38.62
38.7
38.62
36.8
38.54
39.5
38.82
38.9
38.33
38.2
38.62
38.6
38.66
39.3
38.66
38.7
38.7
38.7
38.9
37.4
38.86
39.3
39.31
38.6
39.06
39.9
39.02
39.4
39.47
38.1
39.1
38.0
39.23
39.6
39.06
39.5
