46.6
46.2
46.1
46.2
44.7
47.4
44.7
46.2
43.7
47.8
47.5
45.0
46.4
45.6
45.6
46.8
46.1
46.2
44.5
45.0
44.4
44.4
46.8
45.0
46.5
46.2
46.2
44.4
43.3
45.6
46.6
45.0
45.1
46.8
43.7
46.8
46.1
45.6
46.9
46.2
47.0
46.8
45.9
45.6
45.6
47.4
46.6
45.6
45.4
45.0
42.8
46.2
48.5
45.0
45.2
44.4
44.4
46.2
43.5
45.0
45.5
46.8
45.5
46.8
43.3
43.5
44.1
46.8
47.3
46.2
46.0
46.2
44.5
46.8
45.6
45.6
46.3
46.8
45.8
45.6
45.7
45.6
45.4
46.2
43.8
45.0
44.8
45.6
44.2
45.8
46.4
45.0
43.6
45.0
45.9
45.6
47.5
45.6
45.6
44.4
