13.9973748551
13.6340148551
13.7466707969
13.3908807969
14.0391531543
13.6757931543
14.0391531543
13.6757931543
14.053079254
13.689719254
14.0113009548
13.6479409548
13.6784909337
13.3227009337
14.0252270545
13.6618670545
14.0113009548
13.6479409548
14.0113009548
13.6479409548
13.7466707969
13.3908807969
13.9834487554
13.6200887554
13.6921269064
13.3363369064
13.9973748551
13.6340148551
14.0252270545
13.6618670545
13.9973748551
13.6340148551
14.0391531543
13.6757931543
13.955596556
13.592236556
14.0113009548
13.6479409548
13.9834487554
13.6200887554
13.9416704563
13.5783104563
13.9973748551
13.6340148551
13.9834487554
13.6200887554
14.0252270545
13.6618670545
13.955596556
13.592236556
14.0113009548
13.6479409548
13.6512189885
13.2954289885
13.9973748551
13.6340148551
13.9695226557
13.6061626557
13.9834487554
13.6200887554
14.2183956974
13.8469756974
13.9834487554
13.6200887554
13.9834487554
13.6200887554
13.9834487554
13.6200887554
13.955596556
13.592236556
14.2468281509
13.8754081509
13.9834487554
13.6200887554
13.9834487554
13.6200887554
13.9973748551
13.6340148551
13.9973748551
13.6340148551
14.0113009548
13.6479409548
14.2752606045
13.9038406045
13.9695226557
13.6061626557
14.0252270545
13.6618670545
14.0391531543
13.6757931543
14.0252270545
13.6618670545
14.374774192
14.003354192
14.053079254
13.689719254
14.2894768313
13.9180568313
14.3321255116
13.9607055116
