13.705762879
13.349972879
13.4537284395
13.1059684395
13.7466707969
13.3908807969
14.0391531543
13.6757931543
14.053079254
13.689719254
13.7193988516
13.3636088516
13.9695226557
13.6061626557
13.7330348242
13.3772448242
13.7193988516
13.3636088516
14.0113009548
13.6479409548
14.0391531543
13.6757931543
13.9834487554
13.6200887554
13.9834487554
13.6200887554
13.705762879
13.349972879
14.0252270545
13.6618670545
13.705762879
13.349972879
13.7466707969
13.3908807969
13.955596556
13.592236556
14.0113009548
13.6479409548
13.9834487554
13.6200887554
13.6512189885
13.2954289885
13.705762879
13.349972879
13.9834487554
13.6200887554
14.0252270545
13.6618670545
13.955596556
13.592236556
14.0113009548
13.6479409548
13.9416704563
13.5783104563
13.9973748551
13.6340148551
13.6784909337
13.3227009337
13.9834487554
13.6200887554
13.6375830158
13.2817930158
13.6921269064
13.3363369064
13.9834487554
13.6200887554
13.9834487554
13.6200887554
13.955596556
13.592236556
13.6648549611
13.3090649611
13.6921269064
13.3363369064
13.9834487554
13.6200887554
13.9973748551
13.6340148551
13.9973748551
13.6340148551
14.0113009548
13.6479409548
13.6921269064
13.3363369064
13.9695226557
13.6061626557
14.3179092848
13.9464892848
14.0391531543
13.6757931543
14.0252270545
13.6618670545
14.0809314534
13.7175714534
14.3463417384
13.9749217384
13.9973748551
13.6340148551
13.7466707969
13.3908807969
