11.3705270698
11.0776370698
11.6968942952
11.3964942952
11.6968942952
11.3964942952
11.4044719378
11.1115819378
11.7084993783
11.4080993783
11.673684129
11.373284129
11.6388688798
11.3384688798
11.6852892121
11.3848892121
11.673684129
11.373284129
11.673684129
11.373284129
11.6968942952
11.3964942952
11.6504739629
11.3500739629
11.6504739629
11.3500739629
11.6620790459
11.3616790459
11.6852892121
11.3848892121
11.6620790459
11.3616790459
11.6968942952
11.3964942952
11.6272637967
11.3268637967
11.673684129
11.373284129
11.6504739629
11.3500739629
11.6156587136
11.3152587136
11.6620790459
11.3616790459
11.6504739629
11.3500739629
11.6852892121
11.3848892121
11.6272637967
11.3268637967
11.673684129
11.373284129
11.6156587136
11.3152587136
11.6620790459
11.3616790459
11.6388688798
11.3384688798
11.6504739629
11.3500739629
11.6040536305
11.3036536305
11.9421458119
11.6338258119
11.6504739629
11.3500739629
11.6504739629
11.3500739629
11.6272637967
11.3268637967
11.9183553916
11.6100353916
11.6504739629
11.3500739629
11.6504739629
11.3500739629
11.6620790459
11.3616790459
11.6620790459
11.3616790459
11.673684129
11.373284129
11.9421458119
11.6338258119
11.9302506018
11.6219306018
11.9778314424
11.6695114424
11.9897266526
11.6814066526
11.9778314424
11.6695114424
12.0254122831
11.7170922831
11.7084993783
11.4080993783
11.9540410221
11.6457210221
11.9897266526
11.6814066526
