36.5961122673
34.1802520523
36.059378001
33.6863574731
35.4504787971
33.1202002047
35.4504787971
33.1202002047
34.3707051119
32.1228556495
38.4897451002
35.950986547
37.2744637989
34.81867201
35.5203526371
33.1900740448
36.059378001
33.6863574731
36.1304462657
33.7574257378
36.059378001
33.6863574731
36.740637646
34.3247774309
35.5203526371
33.1900740448
36.1304462657
33.7574257378
34.8444877065
32.5540429362
36.5961122673
34.1802520523
36.740637646
34.3247774309
36.1304462657
33.7574257378
36.059378001
33.6863574731
36.059378001
33.6863574731
37.8836073821
35.3848292785
36.740637646
34.3247774309
35.5203526371
33.1900740448
37.4213780268
34.9655862379
36.1304462657
33.7574257378
34.303220121
32.0553706586
37.8089558436
35.3101777399
35.9883097363
33.6152892084
35.2408572768
32.9105786844
35.9883097363
33.6152892084
37.201006685
34.7452148961
37.2744637989
34.81867201
36.6683749566
34.2525147416
34.8444877065
32.5540429362
37.3479209128
34.892129124
36.8129003353
34.3970401202
36.1304462657
33.7574257378
36.523849578
34.1079893629
37.201006685
34.7452148961
36.6683749566
34.2525147416
36.5961122673
34.1802520523
35.380604957
33.0503263646
37.201006685
34.7452148961
36.523849578
34.1079893629
37.734304305
35.2355262014
37.2744637989
34.81867201
36.059378001
33.6863574731
35.9172414716
33.5442209437
37.4948351407
35.0390433519
37.3479209128
34.892129124
