13.2228823601
12.3840070055
13.2490641931
12.4101888385
12.35064067
11.5705209937
12.35064067
11.5705209937
12.3994614337
11.6193417574
12.35064067
11.5705209937
12.35064067
11.5705209937
13.2752460261
12.4363706715
13.2490641931
12.4101888385
11.4751460288
10.7534920795
11.4525070981
10.7308531488
13.2752460261
12.4363706715
14.1768747998
13.2778099675
13.2752460261
12.4363706715
11.4525070981
10.7308531488
13.2228823601
12.3840070055
11.4751460288
10.7534920795
10.5746770596
9.91205278353
13.2490641931
12.4101888385
14.1489215156
13.2498566834
12.35064067
11.5705209937
12.3750510519
11.5949313755
13.2752460261
12.4363706715
12.3994614337
11.6193417574
12.3750510519
11.5949313755
11.4751460288
10.7534920795
14.1209682315
13.2219033992
12.3262302882
11.5461106118
12.2774095245
11.4972898482
10.5329421005
9.87031782445
11.4298681674
10.7082142181
11.4525070981
10.7308531488
9.65554698866
9.05151745914
12.35064067
11.5705209937
13.2752460261
12.4363706715
12.3994614337
11.6193417574
11.4751460288
10.7534920795
12.3018199063
11.52170023
12.3262302882
11.5461106118
12.35064067
11.5705209937
12.3262302882
11.5461106118
13.2228823601
12.3840070055
9.63645096027
9.03242143075
11.4072292367
10.6855752875
9.61735493187
9.01332540235
12.35064067
11.5705209937
10.55380958
9.89118530399
13.1967005271
12.3578251725
13.3276096921
12.4887343375
11.4751460288
10.7534920795
