41.3422685532
38.4897758845
42.5104074358
39.5739949235
43.7671292434
40.7466013842
44.1715591255
41.1107575614
44.5298228079
41.4690212439
41.2585951273
38.4061024587
42.5964378595
39.6600253473
42.5964378595
39.6600253473
43.7671292434
40.7466013842
40.2556416019
37.4868732735
40.2556416019
37.4868732735
42.5104074358
39.5739949235
41.8397021009
38.9470334792
40.2556416019
37.4868732735
41.3422685532
38.4897758845
40.7565617707
37.947666365
43.1799507069
40.2033133657
42.5964378595
39.6600253473
40.5915719169
37.7826765113
43.5903544001
40.5698265409
42.424377012
39.4879644998
41.3422685532
38.4897758845
42.9183239388
39.9416865976
42.0094059505
39.1167373288
41.3422685532
38.4897758845
42.5104074358
39.5739949235
40.7565617707
37.947666365
40.0930087461
37.3242404176
41.8397021009
38.9470334792
42.424377012
39.4879644998
42.9183239388
39.9416865976
42.5964378595
39.6600253473
39.3483512322
36.6230335391
42.424377012
39.4879644998
41.3422685532
38.4897758845
41.9245540257
39.031885404
43.0055328615
40.0288955203
41.7548501762
38.8621815545
44.6620194312
41.5609441624
41.2585951273
38.4061024587
42.424377012
39.4879644998
41.2585951273
38.4061024587
42.424377012
39.4879644998
42.3383465883
39.401934076
42.2523161645
39.3159036523
40.7565617707
37.947666365
41.2585951273
38.4061024587
42.424377012
39.4879644998
42.3383465883
39.401934076
40.6740668438
37.8651714382
