3.78485557177
41.050772952
2.62050456796
42.1571816293
2.62602775461
43.1659562229
0.871807088002
43.5623704647
2.05071552405
44.0543584873
2.61498138131
40.9462784118
2.04229496587
42.2432120531
3.20932066065
42.2432120531
1.45890430811
43.1659562229
3.79219812192
39.9959641826
3.20878302624
39.9554949743
1.45583587109
42.057279381
3.19608835493
41.5229865584
3.20878302624
40.0094539186
3.20257009919
41.0299518376
3.20230128198
40.452065192
2.62580781326
42.7821012445
3.20932066065
42.2432120531
3.76921739229
40.3418162962
1.45301181334
42.9891813796
3.19635717214
41.9712489573
3.20257009919
41.0715940664
3.18987542788
42.4589886504
2.62558787191
41.6645379153
2.62028462661
41.0854748093
2.62050456796
42.1857251288
3.20230128198
40.50680615
3.19581953773
39.7928621185
3.19608835493
41.4948340658
1.4528896237
42.1211023297
2.60989807736
42.4589886504
3.20932066065
42.2039647412
3.18258723201
39.0758194629
3.19635717214
42.0711512056
3.78485557177
41.050772952
3.20257009919
41.4811522662
2.61520132266
42.6076833991
2.60967813601
41.4803633726
0.870039339569
44.1802990011
3.19608835493
40.918516926
2.03404547318
41.9712489573
3.77719532856
40.9670995261
1.4528896237
42.0319038937
2.02992072683
41.94587347
2.60459483206
41.8990903581
3.20230128198
40.4931209105
2.61498138131
40.9879206405
2.03404547318
42.0319038937
2.02992072683
41.9851207818
2.61476143996
40.4106259836
