3.17998945403
2.98160235725
2.02123473565
1.89738331825
0.287773041486
0.271644009228
0.286594542531
0.270465510273
0.869493917512
0.81846752455
2.5951866599
2.43418959245
2.025359482
1.9015080646
2.025359482
1.9015080646
0.287773041486
0.271644009228
3.76773575633
3.53137211996
2.6057931505
2.44479608305
0.864190672213
0.813164279251
2.5951866599
2.43418959245
4.34885368681
4.07466013842
2.6004899052
2.43949283775
2.6004899052
2.43949283775
1.44534125826
1.35822004614
2.025359482
1.9015080646
4.32233746031
4.04814391192
0.286594542531
0.270465510273
0.862422923779
0.811396530818
3.76007551312
3.52371187675
0.860655175346
0.809628782384
2.025359482
1.9015080646
4.34001494464
4.06582139625
2.6004899052
2.43949283775
4.34001494464
4.06582139625
2.5951866599
2.43418959245
2.01710998931
1.89325857191
3.17350770977
2.975120613
0.860655175346
0.809628782384
1.44534125826
1.35822004614
3.16054422126
2.96215712449
2.01710998931
1.89325857191
3.17998945403
2.98160235725
0.864190672213
0.813164279251
1.43944876348
1.35232755136
3.7447550267
3.50839139033
0.860655175346
0.809628782384
2.01710998931
1.89325857191
0.862422923779
0.811396530818
3.17350770977
2.975120613
1.43944876348
1.35232755136
1.4365025161
1.34938130397
2.00886049662
1.88500907922
3.76007551312
3.52371187675
3.75241526991
3.51605163354
1.43944876348
1.35232755136
2.01298524296
1.88913382556
3.75241526991
3.51605163354
