12.3421397849
12.3665777126
12.3645777126
12.3645777126
12.4134535679
12.3645777126
12.3645777126
12.3910156403
12.3665777126
12.3870156403
12.3625777126
12.3910156403
12.3940156403
12.3910156403
12.3625777126
12.3421397849
12.3870156403
12.3840156403
12.3665777126
12.3695777126
12.3645777126
12.3890156403
12.3910156403
12.4134535679
12.3890156403
12.3870156403
12.3451397849
12.3401397849
12.2912639296
12.3351397849
12.3381397849
12.3625777126
12.3565777126
12.3645777126
12.3910156403
12.4134535679
12.3870156403
12.3157018573
12.3401397849
12.3645777126
12.3401397849
12.3421397849
12.3321397849
12.3137018573
12.3077018573
12.3645777126
12.3595777126
12.3177018573
12.4398914956
12.3870156403
