0.0339213706354
0.0333653706354
0.0339793960508
0.0334233960508
0.034066434174
0.033510434174
0.0339503833431
0.0333943833431
0.0340374214663
0.0334814214663
0.0339793960508
0.0334233960508
0.0340084087586
0.0334524087586
0.0339213706354
0.0333653706354
0.0339503833431
0.0333943833431
0.0338923579277
0.0333363579277
0.0320645573412
0.0315085573412
0.0340084087586
0.0334524087586
0.0339503833431
0.0333943833431
0.0338923579277
0.0333363579277
0.0339793960508
0.0334233960508
0.0339213706354
0.0333653706354
0.0339503833431
0.0333943833431
0.0340084087586
0.0334524087586
0.0339503833431
0.0333943833431
0.0339503833431
0.0333943833431
0.0339503833431
0.0333943833431
0.0338923579277
0.0333363579277
0.0339503833431
0.0333943833431
0.0339213706354
0.0333653706354
0.0338923579277
0.0333363579277
0.0338923579277
0.0333363579277
0.0338923579277
0.0333363579277
0.0339503833431
0.0333943833431
0.0339213706354
0.0333653706354
0.0338923579277
0.0333363579277
