0.0168072218964
0.0162512218964
0.0167339081134
0.0161779081134
0.0169538494624
0.0163978494624
0.413872429718
0.39774339746
1.24425658534
1.19323019238
0.0166605943304
0.0161045943304
1.24067331149
1.18964691853
0.412080792792
0.395951760534
0.413275217409
0.397146185151
0.0168560977517
0.0163000977517
9.89133908377
9.38459421574
0.415066854335
0.398937822077
0.411483580484
0.395354548226
0.40909473125
0.392965698992
0.413872429718
0.39774339746
0.0168072218964
0.0162512218964
0.411483580484
0.395354548226
0.0169294115347
0.0163734115347
0.0167827839687
0.0162267839687
0.016904973607
0.016348973607
0.0168805356794
0.0163245356794
0.411483580484
0.395354548226
0.0167094701857
0.0161534701857
0.0168072218964
0.0162512218964
0.0166361564027
0.0160801564027
0.411483580484
0.395354548226
1.23171512686
1.1806887339
0.0165139667644
0.0159579667644
1.23350676379
1.18248037083
0.0167094701857
0.0161534701857
