76.494602258
72.7776246167
79.8742702038
75.9674064885
72.1476314915
68.6796899536
74.1198063366
70.5274917226
77.8485443929
74.0668511193
73.3785263936
69.7862117796
75.1487537994
71.4919410164
72.5632896269
69.0353282064
75.2564223853
71.5996096023
75.471759557
71.8149467741
63.0381048061
59.5701632683
78.0709673692
74.2892740956
78.6366364472
74.7947058275
80.6411773322
76.674003783
71.6358603294
68.1679187915
74.0139092019
70.4215945879
76.1662821469
72.4493045057
79.5404999617
75.6985693421
77.6261214165
73.8444281429
76.932362406
73.2153847648
75.5794281429
71.9226153599
73.6962177977
70.1039031838
74.8257480418
71.1689352588
74.0139092019
70.4215945879
75.7285219988
72.0115443576
76.1662821469
72.4493045057
75.8379620359
72.1209843946
77.6197899933
73.7778593737
73.4844235283
69.8921089143
76.0568421099
72.3398644686
