62.1688006735
58.2649883567
67.4503080341
63.5918036353
65.0348209812
61.3432276283
67.7861802364
63.9276758376
68.7607410784
64.81626405
69.5851075954
65.5999658554
69.8160933906
65.8309516506
67.6742228357
63.8157184369
69.1036842744
65.159207246
68.9893698757
65.0448928474
66.9205084618
63.0166961451
66.7403047917
62.9224162286
66.1399019521
62.3626292248
72.4352867431
68.2775154821
68.5044110579
64.6005987412
65.5326455359
61.8004852231
68.875055477
64.9305784487
67.9033055272
64.0253242105
67.6742228357
63.8157184369
68.3912751582
64.4874628415
66.9618625953
63.1439740323
68.1650033587
64.261191042
66.1399019521
62.3626292248
62.6790990025
59.1135076047
71.4821436227
67.3700712864
68.9893698757
65.0448928474
66.8510836935
63.0331951304
67.3383506334
63.4798462346
67.5622654349
63.7037610361
68.1650033587
64.261191042
