2.26657085789
61.727744955
1.0650048637
66.9534849647
3.21600763094
64.4388288014
1.070308109
67.2382818982
1.77218404841
67.9452963081
0.35502605916
69.0151173705
1.78102279058
68.9922419732
2.49326084131
67.2888367164
2.49343190681
68.2882395041
2.48930716046
68.4251958777
2.43981020434
66.2823852946
2.48501134863
66.1200701876
1.77795435355
65.3626292248
1.77537467508
71.5678380628
0.356793807593
67.9460532866
3.20540114034
64.7682271585
2.48518241412
68.0596107068
0.0145507784295
67.3759747344
1.78090060094
67.2424046539
1.78102279058
67.8329173869
2.49326084131
66.1762320968
1.7751302958
67.3579652356
2.48913609497
65.3626292248
3.20518119899
62.1801742713
1.76935999066
70.8058484125
1.77807654319
68.4773464153
1.77795435355
66.2308490894
2.48088660228
66.7115177888
1.77795435355
67.0654423655
1.7751302958
67.3579652356
