3.53648538805
3.33809829127
2.46670734081
2.34285592341
1.06217849673
1.01115210376
1.76942847101
1.68230725888
0.350233486124
0.334104453866
1.76058972884
1.67346851672
0.352001234557
0.335872202299
5.31227658288
5.03808303449
0.352001234557
0.335872202299
1.76353597623
1.67641476411
1.03566227023
0.984635877267
1.05510750299
1.00408111003
0.35141198508
0.335282952821
0.350822735602
0.334693703344
1.76942847101
1.68230725888
0.352001234557
0.335872202299
0.350822735602
0.334693703344
2.10253853087
1.9979779385
3.89298132207
3.69459422529
1.76648222362
1.6793610115
0.352001234557
0.335872202299
0.350822735602
0.334693703344
0.35141198508
0.335282952821
1.76648222362
1.6793610115
1.05157200613
1.00054561317
2.47083208715
2.34698066975
1.05687525143
1.00584885846
1.05333975456
1.0023133616
2.47083208715
2.34698066975
0.350822735602
0.334693703344
