0.034066434174
0.033510434174
0.034066434174
0.033510434174
0.034066434174
0.033510434174
0.0340374214663
0.0334814214663
0.034066434174
0.033510434174
0.0340374214663
0.0334814214663
0.0340374214663
0.0334814214663
0.0340084087586
0.0334524087586
0.034066434174
0.033510434174
0.0340084087586
0.0334524087586
0.034066434174
0.033510434174
0.034066434174
0.033510434174
0.034066434174
0.033510434174
0.0340374214663
0.0334814214663
0.0340374214663
0.0334814214663
0.034066434174
0.033510434174
0.0340954468817
0.0335394468817
0.0340084087586
0.0334524087586
0.0340084087586
0.0334524087586
0.329519131574
0.323209131574
0.0340954468817
0.0335394468817
0.0340084087586
0.0334524087586
0.0340084087586
0.0334524087586
0.034066434174
0.033510434174
0.0340374214663
0.0334814214663
0.0340084087586
0.0334524087586
0.0340374214663
0.0334814214663
0.0340084087586
0.0334524087586
0.0340084087586
0.0334524087586
0.0340084087586
0.0334524087586
