0.0175403597263
0.0169843597263
0.0176625493646
0.0171065493646
0.433580435898
0.41745140364
0.0177847390029
0.0172287390029
0.437163709749
0.421034677491
0.436566497441
0.420437465183
0.0178091769306
0.0172531769306
0.437163709749
0.421034677491
0.434177648207
0.418048615949
0.435372072824
0.419243040566
0.0177847390029
0.0172287390029
0.0177603010753
0.0172043010753
0.0179069286413
0.0173509286413
0.0178336148583
0.0172776148583
0.440149771292
0.424020739033
0.0178336148583
0.0172776148583
0.0178824907136
0.0173264907136
0.0179313665689
0.0173753665689
0.0178336148583
0.0172776148583
4.90238340266
4.66601976629
0.0179313665689
0.0173753665689
0.0177358631476
0.0171798631476
0.0178824907136
0.0173264907136
0.0177358631476
0.0171798631476
0.439552558983
0.423423526725
0.437760922058
0.4216318898
1.30875551466
1.2577291217
0.0178824907136
0.0173264907136
0.0177603010753
0.0172043010753
0.0177847390029
0.0172287390029
