61.6715680095
58.8246060429
58.1894723441
55.5277572337
62.0101268932
59.1631649266
57.2746126344
54.6755110107
59.8944122223
57.1732571314
58.506773814
55.8450587036
58.665424549
56.0037094385
55.9632710629
53.4266379503
59.4889281292
56.7677730383
57.0419508855
54.4428492617
58.5860991815
55.9243840711
55.8874885977
53.3508554851
57.6623822161
55.0632805923
58.7447499165
56.083034806
57.6623822161
55.0632805923
61.3718527723
58.5878667314
58.9034006514
56.241685541
56.417965854
53.8813327414
56.1148359933
53.5782028807
51.4603430852
48.7391879943
60.3809931341
57.6598380432
59.7322185851
57.0110634942
57.5848282997
54.985726676
58.4274484466
55.7657333361
57.5848282997
54.985726676
62.6026049397
59.7556429731
58.3481230791
55.6864079686
57.5848282997
54.985726676
57.1970587181
54.5979570944
58.5860991815
55.9243840711
