51.3771064793
48.2760312105
52.4899365904
49.5535240782
56.6256975042
53.4402136332
50.243478362
47.4345829563
53.3833946631
50.4067573219
52.4899365904
49.5535240782
51.0483859501
48.1958932815
49.0450406375
46.3197229445
52.4899365904
49.5535240782
53.2961857404
50.3195483992
51.8522292263
48.9595606046
51.7673773015
48.8747086798
51.2994062276
48.446913559
54.0200701557
50.9995422965
53.5578125085
50.5811751673
51.9370811511
49.0444125294
52.0219330759
49.1292644542
53.4706035858
50.4939662446
49.8509800971
47.0822117686
52.7729322041
49.796294863
51.7673773015
48.8747086798
53.2089768177
50.2323394765
51.132059376
48.2795667073
53.8432953124
50.8227674532
50.4084682157
47.5995728101
55.2791165207
52.1780412519
54.6507718372
51.5899702732
53.3833946631
50.4067573219
54.8299036784
51.7691021144
51.132059376
48.2795667073
