3.00255817087
50.8953860492
1.79760056816
52.1367107839
1.79195245266
55.98860073
2.5121739181
49.9389817833
1.08209583776
52.7938540961
2.51664079543
51.9083627878
2.51646972994
50.7360692346
2.52437709164
48.7725088682
1.0785603409
52.0368085356
1.08032808933
52.7066451734
2.52059447628
51.4088274668
1.79747837853
51.3837995889
1.80631712069
50.8621628259
3.24120420934
53.6131786601
1.80938555772
53.0984772201
1.8033708733
51.3669931746
1.08379027241
51.6770650407
2.52901503446
52.8810630188
3.97362884832
49.5913026777
1.78286933122
52.1833916372
3.23546108135
51.323975542
1.0785603409
52.8111273553
1.08025477555
50.569889288
1.79477651041
53.3740871013
2.52042341079
50.1450273555
1.07686590625
54.7973960906
1.07863365468
54.0415831764
1.80349306294
53.0253301469
2.52506135361
54.4175869629
1.08025477555
50.569889288
