0.9914685594
0.940442166438
2.49970531156
2.37585389416
0.354358232468
0.33822920021
3.21036311464
3.04936604719
0.356715230379
0.340586198121
0.355536731424
0.339407699166
3.21566635994
3.05466929249
3.9448352761
3.74644817933
1.06924949046
1.0182230975
0.356125980901
0.339996948643
1.07101723889
1.01999084593
1.78415970795
1.69703849583
1.07455273576
1.0235263428
1.78710595534
1.69998474322
1.07632048419
1.02529409123
0.356715230379
0.340586198121
2.51207955059
2.38822813319
0.357304479857
0.341175447599
4.67164445515
4.43528081878
0.352590484035
0.336461451777
1.06924949046
1.0182230975
1.78415970795
1.69703849583
0.356125980901
0.339996948643
1.06748174203
1.01645534906
4.65632396873
4.41996033236
1.06748174203
1.01645534906
0.355536731424
0.339407699166
2.50795480425
2.38410338685
1.79005220273
1.7029309906
0.356125980901
0.339996948643
