56.9
56.5
56.9
55.9
57.3
57.1
56.6
56.5
58.3
57.1
57.4
59.3
57.3
58.7
57.9
58.7
60.1
56.3
55.9
57.5
56.7
58.7
56.7
56.9
55.2
57.5
57.6
57.5
55.6
58.1
56.2
56.5
54.4
55.9
59.4
58.1
55.3
58.1
59.5
56.9
56.4
58.7
57.7
58.7
57.9
59.9
57.3
59.3
57.4
57.5
55.6
58.1
55.1
58.1
55.0
55.9
56.9
55.9
55.6
57.5
57.0
58.1
56.2
55.3
56.2
56.3
57.5
57.5
55.9
55.9
56.3
57.5
55.1
57.5
57.0
56.9
57.5
55.9
54.2
56.3
54.2
55.2
53.4
55.9
55.1
55.9
54.5
56.9
53.5
56.5
55.3
56.9
54.4
55.9
55.0
54.7
54.2
54.6
55.3
58.1
