0.0337182816813
0.0331622816813
0.0337472943891
0.0331912943891
0.0337472943891
0.0331912943891
0.0337763070968
0.0332203070968
0.0337763070968
0.0332203070968
0.0337763070968
0.0332203070968
0.0337763070968
0.0332203070968
0.0337763070968
0.0332203070968
0.0338053198045
0.0332493198045
0.0337763070968
0.0332203070968
0.0337472943891
0.0331912943891
0.0337472943891
0.0331912943891
0.0337763070968
0.0332203070968
0.0338343325122
0.0332783325122
0.0338343325122
0.0332783325122
0.0337763070968
0.0332203070968
0.0338343325122
0.0332783325122
0.0338053198045
0.0332493198045
0.0338053198045
0.0332493198045
0.0337763070968
0.0332203070968
0.0338053198045
0.0332493198045
0.0338633452199
0.0333073452199
0.0337763070968
0.0332203070968
0.0338343325122
0.0332783325122
0.0338633452199
0.0333073452199
0.0338053198045
0.0332493198045
0.0337763070968
0.0332203070968
0.0338633452199
0.0333073452199
0.0338053198045
0.0332493198045
0.0338053198045
0.0332493198045
0.0338633452199
0.0333073452199
0.0338053198045
0.0332493198045
0.0338633452199
0.0333073452199
0.0338053198045
0.0332493198045
0.0338343325122
0.0332783325122
0.0338053198045
0.0332493198045
0.0338633452199
0.0333073452199
0.0338633452199
0.0333073452199
0.0338633452199
0.0333073452199
0.0339213706354
0.0333653706354
0.0337763070968
0.0332203070968
0.0338343325122
0.0332783325122
0.0338633452199
0.0333073452199
0.0337763070968
0.0332203070968
0.0338053198045
0.0332493198045
0.0338633452199
0.0333073452199
0.0337472943891
0.0331912943891
0.0337763070968
0.0332203070968
0.0338343325122
0.0332783325122
0.0338343325122
0.0332783325122
