1.52938893714
1.44226772502
0.912803754124
0.861777361162
0.303985364954
0.287856332696
1.52341681406
1.43629560194
1.52341681406
1.43629560194
0.919970301826
0.868943908864
0.303985364954
0.287856332696
0.91459539105
0.863568998088
2.14720671859
2.02335530119
1.5264028756
1.43928166348
0.305179789571
0.289050757313
0.909220480273
0.858194087311
0.912803754124
0.861777361162
1.5264028756
1.43928166348
0.303985364954
0.287856332696
0.302790940337
0.286661908079
0.0123106432063
0.0117546432063
1.52938893714
1.44226772502
0.91459539105
0.863568998088
0.912803754124
0.861777361162
0.0123839569892
0.0118279569892
1.52938893714
1.44226772502
0.91459539105
0.863568998088
0.0123839569892
0.0118279569892
0.304582577263
0.288453545004
0.303985364954
0.287856332696
0.911012117199
0.859985724237
0.909220480273
0.858194087311
1.52938893714
1.44226772502
0.303985364954
0.287856332696
0.91459539105
0.863568998088
0.91459539105
0.863568998088
0.0123350811339
0.0117790811339
1.52341681406
1.43629560194
1.5264028756
1.43928166348
0.303388152646
0.287259120387
0.911012117199
0.859985724237
0.91459539105
0.863568998088
0.909220480273
0.858194087311
0.911012117199
0.859985724237
0.911012117199
0.859985724237
0.30159651572
0.285467483462
0.911012117199
0.859985724237
0.302790940337
0.286661908079
0.0123106432063
0.0117546432063
0.91459539105
0.863568998088
0.302193728029
0.28606469577
0.909220480273
0.858194087311
0.911012117199
0.859985724237
0.91459539105
0.863568998088
