59.3332343104
55.4263705951
60.0161033662
56.048929817
61.0516192209
57.0192951127
59.1037255295
55.1968618141
60.9333219281
56.9009978199
60.4822067327
56.5150331835
61.0516192209
57.0192951127
61.0516192209
57.0192951127
62.2059784844
58.1132720546
58.2997073702
54.4577767506
60.3656808911
56.3985073419
59.783051683
55.8158781338
58.1867244309
54.3447938113
60.1326292078
56.1654556587
59.21847992
55.3116162046
59.8995775246
55.9324039754
58.1867244309
54.3447938113
62.0859097405
57.9932033107
58.2997073702
54.4577767506
62.7632082779
58.6051338257
60.3656808911
56.3985073419
60.2491550494
56.2819815003
61.0516192209
57.0192951127
61.2882138064
57.2558896982
61.1699165137
57.1375924055
59.21847992
55.3116162046
58.0737414916
54.2318108719
57.9607585523
54.1188279326
59.3332343104
55.4263705951
59.21847992
55.3116162046
60.1326292078
56.1654556587
59.21847992
55.3116162046
60.1326292078
56.1654556587
60.0161033662
56.048929817
58.2997073702
54.4577767506
60.0161033662
56.048929817
58.0737414916
54.2318108719
60.1326292078
56.1654556587
60.6967273426
56.6644032344
57.1632075938
53.3815143202
57.1632075938
53.3815143202
56.9407846175
53.1590913439
58.0737414916
54.2318108719
58.0737414916
54.2318108719
57.274419082
53.4927258084
58.2997073702
54.4577767506
57.9607585523
54.1188279326
57.9607585523
54.1188279326
57.1632075938
53.3815143202
58.2997073702
54.4577767506
