53.2809703952
49.5488100823
52.0122246971
48.3655971311
53.2809703952
49.5488100823
52.1182896031
48.4716620371
53.2809703952
49.5488100823
55.1349939498
51.276489551
55.833190289
51.9293779723
55.0230365491
51.1645321502
52.224354509
48.5777269431
54.083857638
50.3065849107
55.1349939498
51.276489551
53.8646568323
50.087384105
55.1349939498
51.276489551
53.6062361069
49.874075794
55.833190289
51.9293779723
52.7018294126
49.0102360597
52.1182896031
48.4716620371
55.7200543893
51.8162420726
55.9463261888
52.042513872
53.497814203
49.7656538901
55.1349939498
51.276489551
54.5546255925
50.7367370294
55.833190289
51.9293779723
55.2469513506
51.3884469518
53.497814203
49.7656538901
54.5546255925
50.7367370294
54.6654044943
50.8475159312
53.2809703952
49.5488100823
52.1182896031
48.4716620371
54.083857638
50.3065849107
54.6654044943
50.8475159312
53.9220704565
50.1253208113
52.224354509
48.5777269431
53.8646568323
50.087384105
51.5391974964
47.9330880144
54.083857638
50.3065849107
53.3893922991
49.6572319862
52.8090728175
49.1174794647
52.7018294126
49.0102360597
52.8090728175
49.1174794647
51.6440839034
48.0379744215
53.1725484913
49.4403881784
52.1182896031
48.4716620371
53.3893922991
49.6572319862
53.7550564294
49.9777837021
54.4438466907
50.6259581276
52.4873426027
48.7957492498
50.9601053897
47.3945139918
51.0638132977
47.4982218999
55.9463261888
52.042513872
