2.02699343895
53.2135217148
2.60061123485
51.9594387733
2.6061344215
53.2000319787
3.18500658685
52.0699025063
2.6061344215
53.2090251361
2.61165760815
55.0514162372
1.45398933044
55.7440407289
2.02716450444
54.9441020427
2.61121772545
52.1539732774
2.03541399713
53.9974940016
2.03128925078
55.046773031
1.44797464603
53.7919295595
0.87055253605
55.0514162372
2.6220441574
53.5297942691
0.872393598266
55.7393486468
2.6061344215
52.6351138701
2.60591448015
52.0655036793
0.870625849833
55.6309048292
0.874161346699
55.8571766286
2.03524293163
53.4258689439
2.03128925078
55.0421298247
2.61165760815
54.4719276453
2.6171807948
55.7440407289
2.61696085345
55.1680168443
2.6167409121
53.4258689439
2.03128925078
54.4673333149
2.03541399713
54.5918952079
1.44785245639
53.2045285574
2.60591448015
52.0567060253
2.03541399713
54.0111303652
2.03541399713
54.5827065471
0.0118020003258
53.8398303919
2.61121772545
52.1759674123
2.02716450444
53.7828386504
3.18500658685
51.4826481317
2.03541399713
54.0156758198
2.6114376668
53.31744704
2.6114376668
52.7468049779
2.02699343895
52.6484569786
2.03111818529
52.742357275
2.0309471198
51.5918844899
1.444906209
53.1006032322
2.60591448015
52.0611048523
2.03111818529
53.3219436187
1.44502839864
53.668692793
0.868784787617
54.3519600826
2.01874394626
52.4295224659
2.60591448015
50.8998903359
2.0309471198
51.003598244
0.874161346699
55.8571766286
