33.2584510717
30.9680063015
34.9282893976
32.5124291826
30.3587139009
28.2751361883
36.1596545183
33.6608764146
32.6772817412
30.4294322788
31.5821282624
29.4165124266
31.6463564555
29.4807406197
32.6772817412
30.4294322788
31.0026396704
28.876759905
30.4824562912
28.3988785786
30.4205850961
28.3370073835
33.2584510717
30.9680063015
31.5821282624
29.4165124266
31.7105846486
29.5449688128
30.4824562912
28.3988785786
33.8368589165
31.5065803241
34.9995885844
32.5837283694
31.0026396704
28.876759905
31.1287390587
29.0028592933
32.2297361564
30.0216716403
29.8386282734
27.7972548619
31.5821282624
29.4165124266
31.6463564555
29.4807406197
32.2297361564
30.0216716403
32.8104521232
30.5626026608
30.4205850961
28.3370073835
33.3939784516
31.1035336813
31.5179000693
29.3522842336
33.8368589165
31.5065803241
33.3939784516
31.1035336813
31.0656893646
28.9398095992
31.6892042311
29.5029073601
36.8130436742
34.2742851209
30.9395899763
28.8137102109
34.4181748746
32.0451543467
34.5584162503
32.1853957224
32.1643294644
29.9562649482
34.4882955624
32.1152750346
36.7382089905
34.1994504373
33.3262147617
31.0357699914
35.0708877712
32.6550275562
32.0335160803
29.8254515642
34.4181748746
32.0451543467
33.3262147617
31.0357699914
30.2968427057
28.2132649931
29.7779355772
27.7365621657
34.8569902108
32.4411299958
33.2584510717
30.9680063015
33.9058011054
31.575522513
31.7105846486
29.5449688128
