12.6355190616
12.5866432063
12.6120811339
12.5866432063
12.5876432063
12.6843949169
12.6120811339
12.6120811339
12.6609569892
12.6100811339
12.6599569892
12.5377673509
12.5856432063
12.6110811339
12.6110811339
12.5622052786
12.5856432063
12.6365190616
12.6100811339
12.5886432063
12.6599569892
12.6355190616
12.6120811339
12.6609569892
12.6365190616
12.6110811339
12.5612052786
12.5367673509
12.6355190616
12.6110811339
12.6110811339
12.6110811339
12.6110811339
12.5866432063
12.6100811339
12.5866432063
12.5612052786
12.6110811339
12.5387673509
12.5612052786
12.5612052786
12.5123294233
12.5612052786
12.5612052786
12.5856432063
12.6100811339
12.5367673509
12.5367673509
12.5612052786
12.6100811339
