0.0183223734115
0.0177663734115
1.37146280705
1.32043641409
1.37325444398
1.32222805101
0.0181268699902
0.0175708699902
1.1779660191
1.12693962614
0.0186400664712
0.0180840664712
0.0185423147605
0.0179863147605
0.456871715929
0.440742683671
1.37325444398
1.32222805101
0.0185178768328
0.0179618768328
0.450302380536
0.434173348278
0.0185178768328
0.0179618768328
0.0185667526882
0.0180107526882
0.455080079004
0.438951046746
0.456274503621
0.440145471363
1.37325444398
1.32222805101
1.36967117013
1.31864477716
0.0185667526882
0.0180107526882
0.457468928238
0.44133989598
0.456274503621
0.440145471363
0.456274503621
0.440145471363
1.3678795332
1.31685314024
0.0185178768328
0.0179618768328
0.0185178768328
0.0179618768328
0.0187133802542
0.0181573802542
1.37683771783
1.32581132487
1.37325444398
1.32222805101
0.455677291313
0.439548259054
2.29083463048
2.20371341836
1.3750460809
1.32401968794
