45.4866363543
43.5032473133
41.9855131079
40.1849628701
43.4081703998
41.5468188698
41.004062183
39.2035119452
41.9734776401
39.8674711857
43.5207634049
41.6594118749
43.2955773947
41.4342258647
43.4081703998
41.5468188698
39.304208605
37.6248260249
43.2392808922
41.3779293622
41.4402625941
39.6397123563
44.6022437548
42.6799459571
44.7183796622
42.7960818644
45.965351593
43.9819625519
41.9855131079
40.1849628701
44.7764476159
42.8541498181
44.6603117085
42.7380139107
43.3518738973
41.4905223673
40.7248044946
38.9849105734
44.7183796622
42.7960818644
44.7183796622
42.7960818644
44.6022437548
42.6799459571
44.6022437548
42.6799459571
45.965351593
43.9819625519
45.0667873843
43.1444895865
43.5207634049
41.6594118749
43.4081703998
41.5468188698
44.6603117085
42.7380139107
43.4081703998
41.5468188698
43.4644669024
41.6031153723
