38.4597288752
36.2317718859
36.6862663783
34.7067942376
38.8926232017
36.7892018918
38.0975181768
36.0337840614
38.7677023124
36.6642810026
36.7451913261
34.7657191854
39.6290855772
37.4833377766
38.2200820681
36.1563479528
41.0995665353
38.8716095461
38.1588001224
36.0950660071
38.9550836464
36.8516623365
38.0975181768
36.0337840614
36.6862663783
34.7067942376
39.5654466336
37.419698833
36.5684164828
34.588944342
38.7677023124
36.6642810026
38.0362362311
35.9725021157
38.9550836464
36.8516623365
37.4224843745
35.4009301223
36.7451913261
34.7657191854
38.0975181768
36.0337840614
38.8301627571
36.7267414472
40.2981400898
38.1126562188
36.6862663783
34.7067942376
37.4224843745
35.4009301223
38.9550836464
36.8516623365
40.4277749749
38.2422911039
39.6927245208
37.5469767202
37.4224843745
35.4009301223
36.7451913261
34.7657191854
