2.4037330547
38.1367572232
3.30176397405
36.5103132992
2.56838077747
38.5921344432
1.83161145081
37.7112034162
1.82866520342
38.3739584219
2.57216339283
36.5350251482
2.56855184297
39.2252732605
2.57250552382
38.01675851
1.10088124648
40.8231246976
1.83455769819
37.9071872192
2.57250552382
38.6986320334
3.29690061145
37.8738622628
4.03548930162
36.4956505426
2.56442709662
39.3015170148
0.365684164828
36.3313685845
1.82866520342
38.4672135539
2.56013128478
37.7414170717
1.83750394558
38.5613397558
2.56820971198
37.1782028496
1.83725956631
36.5081434278
2.56425603113
37.8738622628
1.83161145081
38.5296739985
2.56442709662
39.9836239607
2.56803864648
36.5103132992
1.83443550856
37.0460914127
1.83750394558
38.5613397558
1.83762613522
40.0164846523
1.83762613522
39.3839268668
2.56820971198
37.2056222044
1.83725956631
36.5350251482
