1.02152028276
0.970493889801
4.01613446291
3.81774736613
1.09223022009
1.04120382713
0.362607725156
0.346478692898
0.362018475678
0.34588944342
2.55745176037
2.43360034298
0.363196974634
0.347067942376
3.28991179413
3.12891472668
1.822460924
1.73533971188
1.822460924
1.73533971188
1.82540717139
1.73828595927
2.54920226769
2.42535085029
3.28460854883
3.12361148138
1.81951467661
1.73239346449
1.81656842922
1.7294472171
1.08869472322
1.03766833026
1.08869472322
1.03766833026
0.363786224112
0.347657191854
1.822460924
1.73533971188
1.82540717139
1.73828595927
2.54920226769
2.42535085029
1.09046247166
1.03943607869
1.09046247166
1.03943607869
4.01613446291
3.81774736613
0.363196974634
0.347067942376
0.363786224112
0.347657191854
0.363786224112
0.347657191854
1.09399796852
1.04297157556
2.55332701403
2.42947559663
2.55745176037
2.43360034298
