0.259308378886
0.252998378886
0.0276836384751
0.0271276384751
0.027799689306
0.027243689306
0.0276836384751
0.0271276384751
0.0276836384751
0.0271276384751
0.027799689306
0.027243689306
0.0276836384751
0.0271276384751
0.0276546257674
0.0270986257674
0.0275385749365
0.0269825749365
0.0276836384751
0.0271276384751
0.027799689306
0.027243689306
0.0276546257674
0.0270986257674
0.0276256130596
0.0270696130596
0.0275966003519
0.0270406003519
0.0274515368133
0.0268955368133
0.0275675876442
0.0270115876442
0.0276256130596
0.0270696130596
0.0275966003519
0.0270406003519
0.0274225241056
0.0268665241056
0.0274515368133
0.0268955368133
0.0274225241056
0.0268665241056
0.0275675876442
0.0270115876442
0.0273644986901
0.0268084986901
0.0275095622287
0.0269535622287
0.0273644986901
0.0268084986901
0.0273935113978
0.0268375113978
0.0273935113978
0.0268375113978
0.0262039903812
0.0256479903812
0.0275095622287
0.0269535622287
0.0275675876442
0.0270115876442
0.0277126511828
0.0271566511828
0.027480549521
0.026924549521
0.0268712826588
0.0263152826588
0.0273935113978
0.0268375113978
0.0273644986901
0.0268084986901
