28.1705449196
27.3238249196
18.4111213935
17.9042413935
18.767831835
18.253271835
19.2486805478
18.7180705478
18.6900777783
18.1755177783
18.2069480489
17.7083980489
18.4111213935
17.9042413935
18.9499855218
18.4270655218
19.1485867062
18.6179767062
19.8073233173
19.2606233173
19.0486287281
18.5257087281
18.9499855218
18.4270655218
19.2086430111
18.6780330111
18.9105282393
18.3876082393
19.0885304012
18.5579204012
19.1686054745
18.6379954745
18.9302568805
18.4073368805
18.9105282393
18.3876082393
18.5151311507
18.0005711507
18.811885033
18.288965033
19.0685116328
18.5379016328
19.1686054745
18.6379954745
19.58073407
19.03403407
18.8513423155
18.3284223155
19.0284740962
18.4978640962
19.3252579785
18.7862579785
19.3252579785
18.7862579785
21.6668521126
21.0313521126
19.1285679378
18.5979579378
18.890799598
18.367879598
18.9894428043
18.4665228043
19.3861846647
18.8471846647
20.0438491675
19.4733091675
19.3252579785
18.7862579785
19.3049490831
18.7659490831
