27.6478081619
26.8178281619
18.1315150088
17.6329650088
18.4877149419
17.9808349419
18.969714163
18.446794163
18.6900777783
18.1755177783
18.4877149419
17.9808349419
18.1315150088
17.6329650088
18.3919730065
17.8850930065
18.5928852074
18.0783252074
19.2486805478
18.7180705478
18.4877149419
17.9808349419
18.6706392641
18.1560792641
18.9302568805
18.4073368805
18.9105282393
18.3876082393
18.811885033
18.288965033
18.890799598
18.367879598
18.65120075
18.13664075
18.6317622358
18.1172022358
18.2387859097
17.7319059097
18.5345696649
18.0200096649
18.7921563918
18.2692363918
19.1686054745
18.6379954745
18.7526991093
18.2297791093
18.5734466933
18.0588866933
18.7526991093
18.2297791093
19.0484928645
18.5178828645
18.4956926366
17.9811326366
21.4018122088
20.7748722088
18.5734466933
18.0588866933
18.890799598
18.367879598
18.4302697806
17.9233897806
19.1085491695
18.5779391695
20.0438491675
19.4733091675
18.7724277505
18.2495077505
19.0284740962
18.4978640962
