25.8200295097
25.0468395097
16.4560667003
16.0053067003
16.5245366905
16.0737766905
17.0145094698
16.5478594698
16.735583085
16.276583085
16.5245366905
16.0737766905
16.4560667003
16.0053067003
16.4389492027
15.9881892027
17.2041164606
16.7291964606
17.2940558545
16.8191358545
16.5245366905
16.0737766905
16.7181754604
16.2591754604
16.9791139664
16.5124639664
16.9614162147
16.4947662147
16.8729274561
16.4062774561
17.2221043394
16.7471843394
16.4218317052
15.9710717052
16.4047142076
15.9539542076
16.5789144633
16.1199144633
17.1501528242
16.6752328242
16.8552297044
16.3885797044
17.2221043394
16.7471843394
17.0961891879
16.6212691879
16.6311373372
16.1721373372
17.0961891879
16.6212691879
17.1141770667
16.6392570667
16.8375319527
16.3708819527
20.0791926897
19.4924726897
16.9083229595
16.4416729595
16.943718463
16.477068463
16.4731841978
16.0224241978
17.168140703
16.693220703
17.8749665548
17.3680865548
16.8375319527
16.3708819527
17.3719341748
16.8893541748
