66.204287626
62.071858496
48.8708044163
45.9142794896
49.5730589406
46.5323942289
49.9337751749
46.8931104633
49.1797747841
46.1830250285
47.942564659
45.0298080607
48.6952239976
45.7386990709
49.357744052
46.3609942964
50.5951496805
47.5142112641
49.9337751749
46.8931104633
49.446728686
46.4499789303
48.5196435789
45.5631186522
49.8435961163
46.8029314047
49.9337751749
46.8931104633
51.2603120649
48.1353120649
49.8435961163
46.8029314047
49.9337751749
46.8931104633
49.1797747841
46.1830250285
50.4124027141
47.3314642977
51.9217354464
48.7564128658
50.3210292309
47.2400908145
51.0751762493
47.9501762493
50.2296557477
47.1487173313
49.8435961163
46.8029314047
49.9337751749
46.8931104633
51.1677441571
48.0427441571
50.5037761973
47.4228377809
63.5904862646
59.6256768804
51.1677441571
48.0427441571
50.4124027141
47.3314642977
49.1797747841
46.1830250285
49.1797747841
46.1830250285
52.8639119891
49.6140097408
50.5037761973
47.4228377809
51.7342107815
48.5688882009
