36.4949109983
34.2657072284
56.9992050934
53.5312635555
56.2827254664
52.8147839286
52.7596477063
49.5395824674
55.606269287
52.2024634793
56.6921423961
53.2242008583
54.8245614057
51.4807029929
56.7944966285
53.3265550907
54.7257500756
51.3818916628
51.7747923051
48.6184278697
53.9347569691
50.654816823
54.6269387455
51.2830803327
53.6436373322
50.3636971861
54.7257500756
51.3818916628
52.7596477063
49.5395824674
54.6269387455
51.2830803327
53.7406772111
50.4607370651
55.606269287
52.2024634793
55.5056865057
52.101880698
53.7406772111
50.4607370651
54.4293160853
51.0854576725
52.5691108506
49.3490456117
52.378573995
49.1585087561
52.6643792785
49.4443140396
53.7406772111
50.4607370651
51.6812953285
48.524930893
49.7192432759
46.6861645998
39.4017432539
36.986656194
53.6436373322
50.3636971861
53.5465974532
50.2666573072
56.5897881637
53.1218466258
53.6436373322
50.3636971861
48.4719738951
45.5022335836
51.6812953285
48.524930893
52.5691108506
49.3490456117
