90.593579251
84.3498842364
91.0542708324
84.8519247914
90.0146317334
83.8949836396
89.840213888
83.7205657942
91.6612993047
85.41760429
93.1269339247
86.7516651075
91.2310456758
85.0286996347
90.2716460159
84.1106489484
91.3053926201
85.0616976054
89.0527613186
82.9816469491
89.2260006651
83.1548862956
89.3169603518
83.1973122579
89.2260006651
83.1548862956
90.8774959891
84.6751499481
87.3285120782
81.3399979042
90.7007211458
84.4983751048
91.6612993047
85.41760429
90.7007211458
84.4983751048
93.1269339247
86.7516651075
86.0168154601
80.1591419508
89.6657960426
83.5461479488
89.1425425064
83.0228944125
88.7062826257
82.6351682562
89.4913781972
83.3717301034
90.7007211458
84.4983751048
89.5692606384
83.408263571
87.3285120782
81.3399979042
87.2425342887
81.212720017
90.5239463025
84.3216002614
89.3169603518
83.1973122579
90.1703966159
83.9680505748
88.3598039328
82.2886895633
89.3936642941
83.2326672266
89.9936217725
83.7912757315
89.3936642941
83.2326672266
