2.69980865318
89.2208519783
3.33865659719
90.1598426799
3.34513834144
89.2768018214
2.12459965276
89.0155804569
3.33865659719
90.2885720319
2.11652122556
92.2011274731
2.73693137027
90.3366175233
2.12047490641
89.3030731908
2.11635016007
89.9326653474
3.93770713314
88.2839929902
2.73140818362
88.4141238322
3.31921136442
88.3548880155
3.33838777999
88.500340841
3.33217485293
89.9830678366
3.9147264035
86.5702031828
1.51167868576
89.3370847822
2.73162812497
90.6797255021
2.72102163437
89.3370847822
1.5118008754
91.990374785
4.54314166163
85.3852416576
3.9380248262
88.7832935988
3.31272962017
88.2600400626
3.31894254722
87.8944057929
2.72102163437
88.5293058609
1.51167868576
89.6010144009
2.70511189848
88.4768852719
3.31246080297
86.5702031828
2.68898222123
86.3790934285
2.71571838907
89.1603099389
3.31921136442
88.434457908
3.30624787591
88.8067602522
2.70489195713
87.5479271
1.49989369621
88.0391188395
2.69980865318
88.6299854089
2.69980865318
88.425091469
