0.295433284696
0.279304252438
2.10372966253
1.97987824513
3.92094062053
3.68457698417
2.70655481119
2.54555774374
0.298968781563
0.282839749305
2.09548016984
1.97162875244
2.10785440888
1.98400299148
1.49837371126
1.41125249913
0.297790282607
0.281661250349
3.30314259487
3.1047554981
2.70655481119
2.54555774374
1.49248121648
1.40536000436
3.91328037732
3.67691674096
2.09960491619
1.97575349879
3.28369736211
3.08531026533
0.297790282607
0.281661250349
1.50131995864
1.41419874652
0.297790282607
0.281661250349
0.896010144009
0.844983751048
5.11108840908
4.79825849706
2.09960491619
1.97575349879
2.08723067716
1.96337925976
2.69064507529
2.52964800784
1.49542746387
1.40830625175
0.896010144009
0.844983751048
0.89070689871
0.839680505748
3.28369736211
3.08531026533
2.07073169178
1.94688027438
0.297201033129
0.281072000871
2.0913554235
1.9675040061
0.296022534174
0.279893501916
2.68003858469
2.51904151724
0.295433284696
0.279304252438
0.295433284696
0.279304252438
1.48364247431
1.39652126219
