0.0339213706354
0.0333653706354
0.0333121037732
0.0327561037732
0.0334571673118
0.0329011673118
0.0333701291887
0.0328141291887
0.0334861800196
0.0329301800196
0.0333991418964
0.0328431418964
0.0334281546041
0.0328721546041
0.0334571673118
0.0329011673118
0.0334571673118
0.0329011673118
0.0333991418964
0.0328431418964
0.0333991418964
0.0328431418964
0.0333121037732
0.0327561037732
0.0333991418964
0.0328431418964
0.0334281546041
0.0328721546041
0.0334281546041
0.0328721546041
0.0334571673118
0.0329011673118
0.0334281546041
0.0328721546041
0.0334571673118
0.0329011673118
0.0334861800196
0.0329301800196
0.0334281546041
0.0328721546041
0.0335151927273
0.0329591927273
0.0334861800196
0.0329301800196
0.0334571673118
0.0329011673118
0.0333701291887
0.0328141291887
0.0334281546041
0.0328721546041
0.0331670402346
0.0326110402346
0.03322506565
0.03266906565
0.0334571673118
0.0329011673118
0.0333701291887
0.0328141291887
0.0333991418964
0.0328431418964
0.0333991418964
0.0328431418964
0.0333701291887
0.0328141291887
0.0334281546041
0.0328721546041
0.0332830910655
0.0327270910655
0.03322506565
0.03266906565
0.0334281546041
0.0328721546041
0.0333411164809
0.0327851164809
0.0333991418964
0.0328431418964
0.0333991418964
0.0328431418964
0.0333701291887
0.0328141291887
0.0333991418964
0.0328431418964
0.0333991418964
0.0328431418964
0.0334281546041
0.0328721546041
0.0333991418964
0.0328431418964
0.0334281546041
0.0328721546041
0.0333701291887
0.0328141291887
0.0333121037732
0.0327561037732
0.0333701291887
0.0328141291887
0.0334571673118
0.0329011673118
0.0333411164809
0.0327851164809
