0.680387412708
0.667307412708
0.668202075464
0.655122075464
0.671103346237
0.658023346237
0.669362583773
0.656282583773
0.671683600391
0.658603600391
0.669942837928
0.656862837928
0.670523092082
0.657443092082
0.671103346237
0.658023346237
0.671103346237
0.658023346237
0.669942837928
0.656862837928
0.669942837928
0.656862837928
0.668202075464
0.655122075464
0.669942837928
0.656862837928
0.670523092082
0.657443092082
0.670523092082
0.657443092082
0.671103346237
0.658023346237
0.670523092082
0.657443092082
0.671103346237
0.658023346237
0.671683600391
0.658603600391
0.670523092082
0.657443092082
0.672263854545
0.659183854545
0.671683600391
0.658603600391
0.671103346237
0.658023346237
0.669362583773
0.656282583773
0.670523092082
0.657443092082
0.665300804692
0.652220804692
1.333802626
1.306762626
0.671103346237
0.658023346237
0.669362583773
0.656282583773
0.669942837928
0.656862837928
0.669942837928
0.656862837928
0.669362583773
0.656282583773
0.670523092082
0.657443092082
0.66762182131
0.65454182131
1.0000819695
0.980071969501
0.670523092082
0.657443092082
0.668782329619
0.655702329619
0.669942837928
0.656862837928
0.669942837928
0.656862837928
0.669362583773
0.656282583773
0.669942837928
0.656862837928
0.669942837928
0.656862837928
0.670523092082
0.657443092082
0.669942837928
0.656862837928
0.670523092082
0.657443092082
0.669362583773
0.656282583773
0.668202075464
0.655122075464
0.669362583773
0.656282583773
0.671103346237
0.658023346237
1.00356349443
0.983553494428
