0.405511457399
0.389382425141
0.408497518941
0.392368486683
0.40909473125
0.392965698992
3.70306326915
3.5420662017
1.23529840071
1.18427200775
0.407900306633
0.391771274375
2.07285213788
1.98573092576
0.40909473125
0.392965698992
1.23709003764
1.18606364468
2.05792183016
1.97080061804
0.410289155867
0.394160123609
2.05792183016
1.97080061804
0.0167827839687
0.0162267839687
1.23529840071
1.18427200775
1.22813185301
1.17710546005
0.410886368175
0.394757335917
0.410886368175
0.394757335917
0.409691943558
0.3935629113
2.06986607633
1.98274486421
2.87461131034
2.75075989294
2.06090789171
1.97378667959
1.23171512686
1.1806887339
0.414469642026
0.398340609768
0.407303094324
0.391174062066
1.23709003764
1.18606364468
2.01910303011
1.93198181799
2.03701939937
1.94989818725
0.016831659824
0.016275659824
2.89133325498
2.76748183758
0.0167583460411
0.0162023460411
2.90805519962
2.78420378222
1.24425658534
1.19323019238
3.7138130907
3.55281602325
2.06688001479
1.97975880267
1.22634021609
1.17531382312
2.06090789171
1.97378667959
0.412080792792
0.395951760534
0.410289155867
0.394160123609
1.22634021609
1.17531382312
1.23171512686
1.1806887339
2.07583819942
1.9887169873
1.22634021609
1.17531382312
1.23709003764
1.18606364468
1.23709003764
1.18606364468
0.0167827839687
0.0162267839687
0.0167827839687
0.0162267839687
2.84952839338
2.72567697598
0.410289155867
0.394160123609
2.88297228266
2.75912086526
2.05493576862
1.9678145565
