2.03403333782
1.9469121257
0.0166117184751
0.0160557184751
51.6194904776
49.120712374
50.0369724824
47.6211122673
50.181497861
47.765637646
52.2937103989
49.7549518456
50.4705486183
48.0546884033
51.6194904776
49.120712374
50.2537605504
47.8379003353
50.9374869927
48.4816952039
51.7687935547
49.2700154511
48.4470130546
46.1167344622
39.5503293506
37.67215242
50.181497861
47.765637646
50.7171156509
48.261323862
51.8434450933
49.3446669896
52.6729402147
50.1341816615
50.8640298788
48.4082380899
48.726508415
46.3962298226
54.9296383569
52.2644379659
51.0109441067
48.5551523178
50.8640298788
48.4082380899
48.9361299352
46.6058513429
50.570201423
48.1144096341
51.0844012206
48.6286094318
49.9825445114
47.5267527226
52.0661725093
49.527413956
51.3782296764
48.9224378875
51.0844012206
48.6286094318
49.4912800314
47.1182595036
52.2167027861
49.7179246825
50.5428113077
48.1269510926
51.8434450933
49.3446669896
51.1578583346
48.7020665457
50.6436585369
48.1878667481
49.349143502
46.9761229741
50.3260232397
47.9101630246
50.1092351717
47.6933749566
52.2937103989
49.7549518456
50.8640298788
48.4082380899
49.7044848256
47.3314642977
51.4701874004
48.9714092968
51.0844012206
48.6286094318
51.0844012206
48.6286094318
50.398285929
47.982425714
49.5623482961
47.1893277683
52.8122243387
50.2303328431
51.7687935547
49.2700154511
52.5970942516
50.0583356983
51.6941420161
49.1953639125
