65.4116955033
61.299623167
68.9893698757
65.0448928474
68.7329038258
64.8095911532
65.424223632
61.6920633192
69.700600493
65.715458753
69.8160933906
65.8309516506
66.2495023549
62.4722296277
64.7130907664
61.0214974135
64.4986039565
60.8070106036
70.4166698199
66.3860246587
71.0100994175
66.9387406688
71.3636491042
67.2922903554
61.8600549053
58.3392337909
66.1399019521
62.3626292248
70.4166698199
66.3860246587
70.4166698199
66.3860246587
70.2999984234
66.2693532621
66.1399019521
62.3626292248
64.1036239798
60.4569964139
67.3383506334
63.4798462346
63.2864750841
59.6803656022
64.1036239798
60.4569964139
67.6742228357
63.8157184369
71.1279493131
67.0565905643
67.4503080341
63.5918036353
66.7403047917
62.9224162286
68.2781392584
64.3743269417
67.3383506334
63.4798462346
67.5622654349
63.7037610361
67.5622654349
63.7037610361
68.3912751582
64.4874628415
64.9275775763
61.2359842234
68.875055477
64.9305784487
67.5622654349
63.7037610361
66.7403047917
62.9224162286
66.8510836935
63.0331951304
63.1815886771
59.5754791952
68.1650033587
64.261191042
68.875055477
64.9305784487
68.051867459
64.1480551423
68.3912751582
64.4874628415
68.2781392584
64.3743269417
70.1833270268
66.1526818655
67.6742228357
63.8157184369
66.2606109639
62.4638613187
70.5333412165
66.5026960552
71.6011720172
67.4890996809
66.8510836935
63.0331951304
67.9387315593
64.0349192426
72.67570053
68.517929269
