1.61910137384
64.5576876831
1.77807654319
68.4251958777
0.0145758905181
68.1953345413
1.06669929835
64.8981239252
1.77807654319
69.1832984402
1.78102279058
69.2461031658
1.78090060094
65.7631387186
2.48896502948
64.2416342659
1.77193966913
64.027147456
0.355639746565
69.5795730458
1.77525248544
70.3405001995
1.07045473656
70.8700029654
1.77758778464
61.4773569581
1.06677261213
65.6035383157
1.77819873283
69.7537665941
1.0669192397
69.8360246587
1.77525248544
69.6370951976
2.48913609497
65.6035383157
1.068393733
63.7033307247
2.48088660228
66.5443623636
2.48879396398
62.8645298251
1.78065622166
63.7297236866
0.356180120188
67.1773997663
0.355639746565
70.59520249
2.48501134863
66.9024096959
0.355001621232
66.1200701876
2.48930716046
67.4711011353
2.48088660228
66.841527564
1.77795435355
66.9354325903
2.48913609497
67.0143670967
1.78102279058
67.9783719324
2.49721452216
64.1714680944
1.06507817748
68.3630320166
2.48913609497
67.0143670967
1.77500810616
66.1200701876
3.20031783639
66.4238109662
1.77476372689
62.8509923917
1.06507817748
67.6066455875
1.7751302958
68.4294054282
1.77218404841
67.4137442918
2.49343190681
67.584237035
1.77807654319
67.4711011353
1.77230623805
69.6026818655
1.06854036056
67.2424046539
0.0145025542522
65.0041655338
3.20606096439
69.9526960552
1.77230623805
71.102589417
3.20031783639
66.065453195
2.47693292143
67.1316934361
1.06876030191
72.2469615271
