0.319592513283
0.303463481025
1.76353597623
1.67641476411
2.10604991565
2.00148932328
1.76353597623
1.67641476411
2.47083208715
2.34698066975
1.76648222362
1.6793610115
2.47495683349
2.35110541609
2.47083208715
2.34698066975
2.46258259446
2.33873117706
0.35141198508
0.335282952822
1.05510750299
1.00408111003
3.18915013344
3.02815306599
3.88649957781
3.68811248104
1.76353597623
1.67641476411
1.05687525143
1.00584885846
1.76353597623
1.67641476411
1.05510750299
1.00408111003
1.76353597623
1.67641476411
3.89298132207
3.69459422529
0.350233486124
0.334104453866
3.17854364284
3.01754657539
4.60270226625
4.36633862989
2.47495683349
2.35110541609
2.47083208715
2.34698066975
1.76058972884
1.67346851672
1.05510750299
1.00408111003
0.35141198508
0.335282952822
2.46258259446
2.33873117706
1.05687525143
1.00584885846
1.76353597623
1.67641476411
4.60270226625
4.36633862989
0.352590484035
0.336461451777
2.46670734081
2.34285592341
1.76353597623
1.67641476411
1.05510750299
1.00408111003
3.88649957781
3.68811248104
6.00262286887
5.68979295684
1.76058972884
1.67346851672
3.88001783356
3.68163073678
1.05333975456
1.0023133616
0.352001234557
0.335872202299
0.35141198508
0.335282952822
1.75764348145
1.67052226933
3.89298132207
3.69459422529
0.0142275542522
0.0136715542522
1.76648222362
1.6793610115
3.16793715224
3.00694008479
0.35141198508
0.335282952821
0.349644236646
0.333515204388
5.31227658288
5.03808303449
