16.6465288368
16.6117184751
16.8981564027
16.9215943304
16.9704701857
16.8492805474
17.0682218964
16.8981564027
16.9949081134
16.9460322581
16.9470322581
16.9440322581
17.0357839687
16.9704701857
16.8727184751
16.9714701857
16.9714701857
16.9215943304
17.0417839687
16.9001564027
16.9704701857
16.9215943304
17.1150977517
16.8238426197
16.9949081134
16.6283391984
16.7759667644
17.092659824
16.9949081134
17.0183460411
17.093659824
17.092659824
16.9714701857
17.0193460411
16.8482805474
16.9694701857
17.0193460411
16.9460322581
16.8492805474
16.9215943304
17.091659824
16.8492805474
16.9949081134
16.9949081134
17.0437839687
17.0427839687
16.7525288368
16.9470322581
16.9470322581
16.9225943304
