44.9
43.7
42.6
44.5
44.3
44.5
42.5
45.2
44.6
43.0
46.5
44.0
46.6
41.5
45.0
45.2
45.4
44.8
41.8
44.0
44.1
41.5
48.7
47.5
45.3
43.7
45.2
43.0
40.3
42.3
46.1
43.7
45.5
43.3
44.0
45.5
46.7
44.5
45.7
42.5
44.4
41.5
44.3
44.0
47.7
43.0
43.7
43.7
47.4
45.2
43.6
44.5
44.5
43.0
47.2
45.2
40.5
42.6
41.1
41.6
40.7
42.5
45.3
43.7
42.4
44.5
44.3
40.0
43.2
43.7
49.0
45.2
45.2
44.0
45.4
42.3
43.9
46.0
44.3
45.2
44.1
42.5
43.0
45.2
42.0
44.5
43.2
40.0
44.3
40.0
40.5
42.3
47.4
45.2
47.4
43.0
45.4
41.5
44.1
43.3
