0.0341244595894
0.0335684595894
0.0341534722972
0.0335974722972
0.0342114977126
0.0336554977126
0.0341824850049
0.0336264850049
0.0341244595894
0.0335684595894
0.0341244595894
0.0335684595894
0.0341534722972
0.0335974722972
0.0340954468817
0.0335394468817
0.0341824850049
0.0336264850049
0.0341244595894
0.0335684595894
0.0341534722972
0.0335974722972
0.0341824850049
0.0336264850049
0.0341244595894
0.0335684595894
0.0341534722972
0.0335974722972
0.0341534722972
0.0335974722972
0.0341534722972
0.0335974722972
0.0341534722972
0.0335974722972
0.0341534722972
0.0335974722972
0.0340954468817
0.0335394468817
0.0341534722972
0.0335974722972
0.0341244595894
0.0335684595894
0.0341534722972
0.0335974722972
0.0341824850049
0.0336264850049
0.0341534722972
0.0335974722972
0.0341534722972
0.0335974722972
0.0341824850049
0.0336264850049
0.0340954468817
0.0335394468817
0.0341824850049
0.0336264850049
0.0324417225415
0.0318857225415
0.032180608172
0.031624608172
0.034066434174
0.033510434174
0.0340954468817
0.0335394468817
0.0341534722972
0.0335974722972
0.0341244595894
0.0335684595894
0.0340954468817
0.0335394468817
0.0341244595894
0.0335684595894
0.0340954468817
0.0335394468817
0.0340954468817
0.0335394468817
0.0341244595894
0.0335684595894
0.0341244595894
0.0335684595894
0.0341824850049
0.0336264850049
0.0340954468817
0.0335394468817
0.034066434174
0.033510434174
0.0341244595894
0.0335684595894
0.0341244595894
0.0335684595894
0.0341534722972
0.0335974722972
0.0341244595894
0.0335684595894
0.0341244595894
0.0335684595894
0.0341534722972
0.0335974722972
0.0341244595894
0.0335684595894
