0.0341244595894
0.0335684595894
0.0341534722972
0.0335974722972
0.0342114977126
0.0336554977126
0.0341824850049
0.0336264850049
0.0341244595894
0.0335684595894
0.0341244595894
0.0335684595894
0.0341534722972
0.0335974722972
0.0340954468817
0.0335394468817
0.0341824850049
0.0336264850049
0.0341244595894
0.0335684595894
0.0341534722972
0.0335974722972
0.0341824850049
0.0336264850049
0.0341244595894
0.0335684595894
0.0341534722972
0.0335974722972
0.0341534722972
0.0335974722972
0.0341534722972
0.0335974722972
0.0341534722972
0.0335974722972
0.0341534722972
0.0335974722972
0.0340954468817
0.0335394468817
0.0341534722972
0.0335974722972
0.0341244595894
0.0335684595894
0.0341534722972
0.0335974722972
0.0341824850049
0.0336264850049
0.0341534722972
0.0335974722972
0.0341534722972
0.0335974722972
0.0341824850049
0.0336264850049
0.0340954468817
0.0335394468817
0.0341824850049
0.0336264850049
2.28065057791
2.23200057791
4.52782514409
4.42744514409
0.034066434174
0.033510434174
0.0340954468817
0.0335394468817
0.0341534722972
0.0335974722972
0.0341244595894
0.0335684595894
0.0340954468817
0.0335394468817
0.0341244595894
0.0335684595894
0.0340954468817
0.0335394468817
0.0340954468817
0.0335394468817
0.0341244595894
0.0335684595894
0.0341244595894
0.0335684595894
0.0341824850049
0.0336264850049
0.0340954468817
0.0335394468817
0.034066434174
0.033510434174
0.0341244595894
0.0335684595894
0.0341244595894
0.0335684595894
0.0341534722972
0.0335974722972
0.0341244595894
0.0335684595894
0.0341244595894
0.0335684595894
0.0341534722972
0.0335974722972
0.0341244595894
0.0335684595894
