0.0178580527859
0.0173020527859
1.32667188391
1.27564549095
0.441344195909
0.42521516365
1.32308861006
1.2720622171
0.444330257451
0.428201225193
1.32846352084
1.27743712788
1.33204679469
1.28102040173
1.32308861006
1.2720622171
0.0175892355816
0.0170332355816
0.441941408217
0.425812375959
0.0180535562072
0.0174975562072
2.21916915346
2.13204794134
1.33204679469
1.28102040173
0.0179802424242
0.0174242424242
0.0180291182796
0.0174731182796
2.21618309192
2.1290618798
0.4407469836
0.424617951342
1.33025515776
1.2792287648
1.33563006854
1.28460367558
0.443135832834
0.427006800576
0.441941408217
0.425812375959
1.33921334239
1.28818694943
2.23409946117
2.14697824905
2.22514127654
2.13802006442
1.31950533621
1.26847894325
1.21738203146
1.1663556385
0.431788798973
0.415659766715
1.31413042543
1.26310403247
8.17533718607
7.74703806583
11.0079949051
10.4231464202
0.0182001837732
0.0176441837732
1.33204679469
1.28102040173
2.222155215
2.13503400288
1.33742170547
1.2863953125
0.443135832834
0.427006800576
1.32846352084
1.27743712788
1.32846352084
1.27743712788
0.440149771292
0.424020739033
0.0179802424242
0.0174242424242
0.441344195909
0.42521516365
1.33383843162
1.28281203865
1.33742170547
1.2863953125
1.30875551466
1.2577291217
0.443135832834
0.427006800576
0.441344195909
0.42521516365
1.33921334239
1.28818694943
1.31950533621
1.26847894325
2.21916915346
2.13204794134
1.33383843162
1.28281203865
1.33383843162
1.28281203865
