46.9806799034
44.8746734491
43.2666808201
41.3443830224
45.9115547191
43.8669294592
43.1505449127
41.228247115
46.219608999
44.1749837391
47.2975914391
45.1915849847
47.4243560534
45.318349599
45.7883330072
43.7437077472
47.5797021462
45.4121695218
43.3247487738
41.402450976
46.157998143
44.1133728831
48.6873160369
46.5197834126
46.0963872871
44.0517620271
47.2975914391
45.1915849847
42.1133508415
40.2519993115
45.9731655751
43.9285403152
47.1708268248
45.0648203705
44.7087240915
42.7253350504
47.5511206676
45.4451142133
47.4243560534
45.318349599
45.9731655751
43.9285403152
45.0079211157
43.0245320746
47.6778852819
45.5718788275
43.4989526348
41.5766548371
48.2963934872
46.1288608629
44.5826292652
42.4150966409
46.2200922179
44.1140857635
48.1009322124
45.9333995881
34.672623675
32.7503258773
32.4981541671
30.6976039293
42.5074263593
40.6460748293
46.0963872871
44.0517620271
42.1133508415
40.2519993115
44.9480817108
42.9646926698
44.7685634963
42.7851744553
49.9468780938
47.7176743239
45.9731655751
43.9285403152
47.1074445177
45.0014380634
45.9731655751
43.9285403152
45.9115547191
43.8669294592
44.8284029012
42.8450138601
43.6150885422
41.6927907445
42.6860012833
40.7637034855
44.7685634963
42.7851744553
45.9115547191
43.8669294592
41.004062183
39.2035119452
48.2963934872
46.1288608629
47.3609737462
45.2549672919
46.157998143
44.1133728831
44.8284029012
42.8450138601
