41.1655624768
38.9376054876
41.9034477305
39.6329198713
41.0995665353
38.8716095461
41.0995665353
38.8716095461
38.8926232017
36.7892018918
39.7563634644
37.6106156638
38.2200820681
36.1563479528
43.3766278176
41.0235486387
40.4925924174
38.3071085464
40.4925924174
38.3071085464
38.1588001224
36.0950660071
44.0411149619
41.6481530851
41.0995665353
38.8716095461
40.3629575323
38.1774736613
38.2200820681
36.1563479528
41.7690988496
39.4985709904
39.017544091
36.9141227811
39.7563634644
37.6106156638
41.8362732901
39.5657454308
39.0800045356
36.9765832258
38.2200820681
36.1563479528
39.820002408
37.6742546074
38.0975181768
36.0337840614
41.0995665353
38.8716095461
39.6290855772
37.4833377766
40.4277749749
38.2422911039
38.2200820681
36.1563479528
41.8362732901
39.5657454308
38.6577166997
36.4297597104
36.3942054162
34.2907841063
37.6027947147
35.5812404625
40.3629575323
38.1774736613
42.5018900575
40.1915283762
35.9525410508
34.0126583528
38.9550836464
36.8516623365
41.7690988496
39.4985709904
40.4925924174
38.3071085464
38.2200820681
36.1563479528
41.1655624768
38.9376054876
41.8362732901
39.5657454308
39.0800045356
36.9765832258
41.0995665353
38.8716095461
41.7690988496
39.4985709904
37.4825878213
35.4610335691
37.3623809278
35.3408266756
39.5654466336
37.419698833
39.6927245208
37.5469767202
39.5654466336
37.419698833
39.6290855772
37.4833377766
39.7563634644
37.6106156638
