1.83774832486
40.919228166
1.8378705145
41.5719228039
2.56872290846
40.678061159
3.30264373945
40.678061159
3.30220385675
38.6361715888
3.3130302887
39.4924338456
2.57250552382
37.9964261541
1.10279562248
43.1113296749
3.3130302887
40.1780762884
2.57680133565
40.0813020948
2.56838077747
37.9554765643
2.56906503945
43.5836369561
1.83480207747
40.678061159
1.83467988783
40.0484414033
3.30750710205
37.9684691649
1.09918681183
41.4375739229
3.31281034735
38.7170553324
4.78548819478
39.3525511477
1.83492426711
41.4044551083
2.5807550165
38.7795157771
2.57250552382
37.9684691649
3.318333534
39.511204754
4.02954519177
37.8026990174
1.83480207747
40.8532322245
4.77016770836
39.3202879232
3.3077270434
40.188527663
4.04250868028
37.8337673076
2.56889397395
41.4044551083
3.10642366337
38.3347450477
4.46344028689
36.2180568336
4.05520335159
37.3859325446
2.56855184297
40.0484414033
1.09918681183
42.0624961181
3.30176397405
35.7944765347
4.04250868028
38.6986320334
2.56476922761
41.3372806678
2.57680133565
40.1780762884
3.30750710205
37.9684691649
4.04304631469
40.9575468366
2.56889397395
41.4044551083
2.5807550165
38.7795157771
3.30264373945
40.7765948833
1.83197801972
41.3372806678
1.83738175594
37.2856670002
1.83148926117
37.1455187577
1.83173364044
39.3015170148
4.77782795157
39.428794902
2.56442709662
39.3516636424
1.1008079327
39.3202879232
2.57680133565
39.4924338456
