2.55745176037
2.43360034298
1.09399796852
1.04297157556
0.363196974634
0.347067942376
0.363196974634
0.347067942376
1.822460924
1.73533971188
1.82835341878
1.74123220666
2.55745176037
2.43360034298
2.55745176037
2.43360034298
1.09576571696
1.04473932399
0.364375473589
0.348246441331
3.28460854883
3.12361148138
0.363196974634
0.347067942376
0.363196974634
0.347067942376
1.09223022009
1.04120382713
1.82540717139
1.73828595927
1.09046247166
1.03943607869
1.09576571696
1.04473932399
0.364375473589
0.348246441331
0.363196974634
0.347067942376
1.09753346539
1.04650707243
1.82540717139
1.73828595927
1.09753346539
1.04650707243
1.09046247166
1.03943607869
2.55332701403
2.42947559663
1.09223022009
1.04120382713
2.55745176037
2.43360034298
0.363786224112
0.347657191854
0.363196974634
0.347067942376
1.02682352806
0.975797135101
4.44183715884
4.20547352247
2.56570125306
2.44184983566
1.09223022009
1.04120382713
0.362607725156
0.346478692898
4.74824688725
4.51188325089
1.82540717139
1.73828595927
0.362607725156
0.346478692898
1.09576571696
1.04473932399
1.82540717139
1.73828595927
4.02261620716
3.82422911039
0.363196974634
0.347067942376
1.09753346539
1.04650707243
1.09223022009
1.04120382713
0.362607725156
0.346478692898
3.28991179413
3.12891472668
2.54920226769
2.42535085029
1.81951467661
1.73239346449
1.82540717139
1.73828595927
3.27930530353
3.11830823608
1.09223022009
1.04120382713
1.82835341878
1.74123220666
