18.1140527859
18.2088044966
18.2108044966
18.1599286413
18.3329941349
18.2362424242
18.2851182796
18.1619286413
17.8462355816
18.2332424242
18.3085562072
18.2616803519
18.2841182796
18.2362424242
18.2811182796
18.2352424242
18.1873665689
18.2586803519
18.3339941349
18.2851182796
18.2352424242
18.3808699902
18.3828699902
18.3065562072
18.1150527859
16.7220909091
17.820797654
18.0417390029
14.5919912023
14.5655532747
18.4521837732
18.2841182796
18.2811182796
18.3564320626
18.2831182796
18.2382424242
18.2352424242
18.1629286413
18.2352424242
18.2108044966
18.3075562072
18.3554320626
17.9644252199
18.2831182796
18.2108044966
18.3778699902
18.1150527859
18.2606803519
18.3085562072
18.3075562072
