39.6
52.4
36.3
45.1
36.2
45.8
31.6
44.5
34.5
44.9
34.0
42.7
32.4
44.5
32.4
43.5
34.1
43.5
33.2
43.5
33.0
44.9
30.7
44.9
32.5
43.0
32.7
43.5
33.4
45.7
34.3
46.7
31.0
44.5
30.5
42.0
31.5
44.2
31.8
42.7
31.8
40.8
30.9
43.0
33.4
44.2
32.4
44.2
32.6
43.5
32.4
44.9
33.4
44.9
32.5
44.9
32.3
43.7
34.1
44.2
32.5
44.9
31.6
45.7
33.4
44.2
32.5
42.7
31.3
44.2
30.5
42.7
33.2
43.5
35.0
44.9
31.7
42.0
33.4
47.2
30.8
43.0
33.4
44.5
33.2
46.4
33.4
47.5
32.4
45.7
32.4
43.5
32.5
44.2
32.5
43.7
31.8
45.2
31.6
43.5
