0.0175892355816
0.0170332355816
0.0180046803519
0.0174486803519
0.0179558044966
0.0173998044966
0.0182490596285
0.0176930596285
0.447913531302
0.431784499044
0.0181757458456
0.0176197458456
0.0182246217009
0.0176686217009
0.0182246217009
0.0176686217009
0.0182246217009
0.0176686217009
0.0181757458456
0.0176197458456
0.0181024320626
0.0175464320626
0.0182490596285
0.0176930596285
0.0182979354839
0.0177419354839
0.0183956871945
0.0178396871945
0.0182734975562
0.0177174975562
0.0182979354839
0.0177419354839
0.0183956871945
0.0178396871945
0.452094017462
0.435964985203
0.0182001837732
0.0176441837732
0.0183956871945
0.0178396871945
0.0183468113392
0.0177908113392
0.0183712492669
0.0178152492669
0.0182979354839
0.0177419354839
0.0182490596285
0.0176930596285
0.0183223734115
0.0177663734115
0.0182246217009
0.0176686217009
0.0182979354839
0.0177419354839
0.0182734975562
0.0177174975562
0.0181757458456
0.0176197458456
0.0182246217009
0.0176686217009
0.0182734975562
0.0177174975562
0.0182734975562
0.0177174975562
0.0183223734115
0.0177663734115
0.0182734975562
0.0177174975562
0.450302380536
0.434173348278
0.0181513079179
0.0175953079179
0.0181757458456
0.0176197458456
0.0182490596285
0.0176930596285
0.0183223734115
0.0177663734115
0.0182979354839
0.0177419354839
0.0183223734115
0.0177663734115
0.0182734975562
0.0177174975562
0.0182001837732
0.0176441837732
0.0183223734115
0.0177663734115
0.0182246217009
0.0176686217009
0.0182246217009
0.0176686217009
0.0182734975562
0.0177174975562
0.0182734975562
0.0177174975562
0.0183712492669
0.0178152492669
0.0182734975562
0.0177174975562
