41.4225899378
39.5444130072
37.9169802031
36.2448150027
37.8154541107
36.1432889103
32.9910399043
31.5638649287
35.6612442417
34.1109754245
35.5668846969
34.0166158797
33.8519459327
32.3838374283
33.8519459327
32.3838374283
35.6612442417
34.1109754245
34.6645755158
33.1554357309
34.5266194726
33.0174796876
32.0854407045
30.699101506
33.9863187021
32.5182101977
34.1654823947
32.6973738903
34.8485169068
33.3393771219
35.8027835588
34.2525147416
32.3398531479
30.9535139494
31.4271851521
30.081583979
32.9038469073
31.4766719317
33.2526188954
31.8254439199
33.1654258984
31.7382509228
32.297451074
30.9111118755
34.8945022546
33.3853624696
33.8967368558
32.4286283514
34.0311096252
32.5630011208
33.8519459327
32.3838374283
34.8945022546
33.3853624696
33.941527779
32.4734192746
33.7623640864
32.294255582
35.6612442417
34.1109754245
33.941527779
32.4734192746
33.0346364028
31.6074614273
34.9404876024
33.4313478174
33.941527779
32.4734192746
32.2126469262
30.8263077277
31.9158324088
30.5294932104
34.6645755158
33.1554357309
36.6124347486
35.0229186196
33.1218293999
31.6946544243
34.8945022546
33.3853624696
32.2126469262
30.8263077277
34.8485169068
33.3393771219
34.7105608636
33.2014210786
34.9404876024
33.4313478174
33.8519459327
32.3838374283
33.8519459327
32.3838374283
33.941527779
32.4734192746
33.941527779
32.4734192746
33.2090223969
31.7818474213
33.0346364028
31.6074614273
