40.6470379703
38.2540760934
37.5109900602
35.3255061892
40.3867759677
38.0336967888
40.2333226472
38.0478387762
41.6347499687
39.3642221095
40.1685052047
37.9830213337
41.7019244092
39.4313965499
39.3745298028
37.2287820022
40.1685052047
37.9830213337
40.1685052047
37.9830213337
40.8355827693
38.6076257801
43.0985020641
40.7454228852
40.2333226472
38.0478387762
41.6347499687
39.3642221095
42.3651841787
40.0548224974
43.8996950873
41.5067332105
42.4335371181
40.1231754368
39.4381687464
37.2924209458
40.9015787108
38.6736217216
39.4381687464
37.2924209458
38.1588001224
36.0950660071
40.9675746523
38.7396176631
40.9015787108
38.6736217216
42.2968312393
39.9864695579
40.9015787108
38.6736217216
42.3651841787
40.0548224974
41.6347499687
39.3642221095
43.0289706258
40.6758914469
40.2333226472
38.0478387762
40.7695868278
38.5416298386
42.3651841787
40.0548224974
42.3651841787
40.0548224974
41.6347499687
39.3642221095
40.9015787108
38.6736217216
40.1685052047
37.9830213337
39.3745298028
37.2287820022
41.4332266473
39.1626987881
43.0985020641
40.7454228852
39.3745298028
37.2287820022
44.562449663
42.126623661
41.0335705938
38.8056136046
42.4335371181
40.1231754368
43.0289706258
40.6758914469
45.3660485599
42.8902909841
43.0985020641
40.7454228852
41.5004010878
39.2298732285
42.3651841787
40.0548224974
42.4335371181
40.1231754368
43.1680335025
40.8149543236
40.9015787108
38.6736217216
