10.500484809
40.4358942753
6.47917101039
37.3362588774
4.44939057271
40.2051044134
3.2918173075
40.031709744
2.55651973492
41.4035182972
1.82584114567
39.9668923014
1.82903177233
41.4484053476
3.2812108169
39.2029755506
2.55617760393
40.0072148821
2.55617760393
39.9937740219
3.28143075825
40.6768339912
1.09572462875
42.8014834913
1.82878739306
40.0155807117
1.09565131497
41.3505857458
2.55651973492
42.1298958111
1.82915396197
43.6533607764
1.0974190634
42.1755703537
1.82584114567
39.2560573094
2.55634866943
40.7674633638
2.55617760393
39.2666144942
1.83455769819
38.0164736317
1.09734574962
40.7431367247
2.55634866943
40.6935630706
1.09388356653
42.0388644748
1.8259633353
40.6935630706
1.82608552494
42.0278430252
2.55651973492
41.3505857458
1.09395688032
42.5791172533
2.56030235028
40.0720323246
2.54809917674
40.602626906
1.82608552494
42.1072174143
2.55651973492
42.1469046088
1.82608552494
41.462022696
1.09557800118
40.6251368731
3.2865140622
39.9507632692
2.55205285759
39.2320078087
1.09034806967
41.2019949758
1.09572462875
42.6486486917
1.82289489828
39.1607468116
1.82632990422
44.0943655965
1.09911349805
40.787236283
1.0974190634
42.2152575482
2.55256605407
42.8040439395
1.09756569097
44.8902909841
1.82620771458
42.8908774307
1.0921158181
41.2858849588
1.09565131497
42.0278430252
0.365806354466
42.2152575482
1.09749237718
42.9027353598
1.8259633353
40.6935630706
