4.38055521315
4.14419157679
5.09130802873
4.81711448034
5.79226080532
5.4794308933
4.0031709744
3.80478387762
3.26869881293
3.10770174548
3.99668923014
3.79830213337
2.54507752134
2.42122610394
5.44485771536
5.17066416697
6.18293320905
5.87010329703
5.45369645753
5.17950290914
6.9005343378
6.54950794483
1.81362218183
1.72650096971
3.27400205823
3.11300499078
1.81362218183
1.72650096971
3.26869881293
3.10770174548
3.27400205823
3.11300499078
2.54507752134
2.42122610394
4.72526615762
4.48890252126
9.09988021514
8.63250484857
5.45369645753
5.17950290914
6.9453172981
6.59429090514
3.27400205823
3.11300499078
3.99668923014
3.79830213337
2.53682802865
2.41297661125
3.99668923014
3.79830213337
1.08692697479
1.03590058183
1.81362218183
1.72650096971
0.360839976723
0.344710944465
6.19295045017
5.88012053815
6.16289872681
5.85006881478
2.540952775
2.4171013576
3.99668923014
3.79830213337
6.18293320905
5.87010329703
1.81362218183
1.72650096971
3.26869881293
3.10770174548
7.6284459628
7.23892983376
3.25278907703
3.09179200959
0.361429226201
0.345300193943
3.26339556763
3.10239850018
0.361429226201
0.345300193943
2.54920226769
2.42535085029
4.0031709744
3.80478387762
3.99020748589
3.79182038911
0.362018475678
0.34588944342
4.72526615762
4.48890252126
3.98372574163
3.78533864486
1.08692697479
1.03590058183
4.0031709744
3.80478387762
2.54507752134
2.42122610394
3.99668923014
3.79830213337
