17.8422355816
18.2536803519
18.2048044966
18.4930596285
18.4716217009
18.4227458456
18.4696217009
18.4696217009
18.4716217009
18.4217458456
18.3484320626
18.4920596285
18.5429354839
18.6406871945
18.5194975562
18.5449354839
18.6386871945
18.6376871945
18.4441837732
18.6396871945
18.5908113392
18.6142492669
18.5439354839
18.4940596285
18.5673734115
18.4696217009
18.5439354839
18.5184975562
18.4207458456
18.4716217009
18.5184975562
18.5174975562
18.5683734115
18.5184975562
18.5653734115
18.3943079179
18.4217458456
18.4960596285
18.5663734115
18.5439354839
18.5653734115
18.5194975562
18.4461837732
18.5683734115
18.4696217009
18.4696217009
18.5184975562
18.5184975562
18.6152492669
18.5174975562
