23.9916108575
23.2758508575
24.0716859308
23.3559259308
24.0983776219
23.3826176219
23.8628402987
23.1548602987
24.0183025486
23.3025425486
23.7572340426
23.0492540426
24.125069313
23.409309313
24.2051443863
23.4893843863
23.9649191664
23.2491591664
23.8100371707
23.1020571707
24.4152101455
23.6907401455
24.1784526952
23.4626926952
24.2051443863
23.4893843863
24.2318360774
23.5160760774
24.3612465091
23.6367765091
23.8364387347
23.1284587347
24.0716859308
23.3559259308
24.0183025486
23.3025425486
23.7836356066
23.0756556066
24.0716859308
23.3559259308
24.1784526952
23.4626926952
23.8892418628
23.1812618628
