23.7308324786
23.0228524786
24.0716859308
23.3559259308
23.8364387347
23.1284587347
23.3374922702
22.6459622702
23.7572340426
23.0492540426
23.2342070307
22.5426770307
23.8628402987
23.1548602987
23.4149561998
22.7234261998
23.4439426628
22.7437426628
23.2858496504
22.5943196504
23.6267227214
22.9265227214
23.6528341584
22.9526341584
23.9420449908
23.2340649908
23.9684465548
23.2604665548
23.5744998475
22.8742998475
23.5744998475
22.8742998475
23.8100371707
23.1020571707
23.7572340426
23.0492540426
23.7836356066
23.0756556066
23.8100371707
23.1020571707
23.3891348899
22.6976048899
23.3633135801
22.6717835801
