21.3813670686
20.7458670686
21.4527383296
20.8172383296
21.2138098628
20.5868698628
21.237310156
20.610370156
21.405157489
20.769657489
21.405157489
20.769657489
21.5003191703
20.8648191703
21.5716904313
20.9361904313
21.0963083965
20.4693683965
21.4527383296
20.8172383296
21.2608104493
20.6338704493
21.2843107425
20.6573707425
21.0447516403
20.4255516403
21.5954808516
20.9599808516
21.47652875
20.84102875
21.2138098628
20.5868698628
21.4527383296
20.8172383296
21.405157489
20.769657489
21.1668092762
20.5398692762
21.4527383296
20.8172383296
21.5479000109
20.9124000109
21.2608104493
20.6338704493
