61.8436402622
57.8788308781
62.998245653
58.947243698
63.5113541765
59.419638634
62.8794004036
58.8283984486
62.1249815342
58.1195074384
61.209346516
57.2852018434
62.8794004036
58.8283984486
63.6313938505
59.539678308
61.7271838621
57.7623744779
62.3602831837
58.3548090879
61.209346516
57.2852018434
62.4779340085
58.4724599127
62.4779340085
58.4724599127
64.264542048
60.132112918
63.6313938505
59.539678308
62.998245653
58.947243698
61.8436402622
57.8788308781
63.7514335245
59.659717982
63.6313938505
59.539678308
62.998245653
58.947243698
61.7271838621
57.7623744779
63.1170909024
59.0660889474
