12.9120794524
12.1319597761
10.0756596134
9.47163008383
11.9279246427
11.2062706934
9.12153544613
8.57566573645
11.905285712
11.1836317627
11.9732025041
11.2515485548
10.9920266505
10.3294023744
11.01289413
10.350269854
10.0756596134
9.47163008383
9.13886002337
8.59299031369
13.8512463519
13.0123709974
12.9120794524
12.1319597761
13.8512463519
13.0123709974
11.9505635734
11.2289096241
11.01289413
10.350269854
9.13886002337
8.59299031369
11.9732025041
11.2515485548
12.9120794524
12.1319597761
11.9505635734
11.2289096241
11.01289413
10.350269854
11.9505635734
11.2289096241
11.9732025041
11.2515485548
