62.8153412376
58.5301506217
63.538503472
59.2125015169
64.0118239278
59.6450106336
65.2136340863
60.7598706454
65.3420904724
60.8883270315
64.4827873857
60.0751627523
62.8153412376
58.5301506217
67.013978845
62.4321606632
62.2120168035
57.9727206158
63.8857245396
59.5189112453
63.2886616934
58.9626597384
63.538503472
59.2125015169
64.6100652729
60.2024406395
63.538503472
59.2125015169
65.9415591923
61.4469355364
64.6100652729
60.2024406395
62.9390836279
58.653893012
63.8857245396
59.5189112453
62.9390836279
58.653893012
65.6822894221
61.1876657662
65.8119243072
61.3173006513
65.2136340863
60.7598706454
