3.88856874328
62.3483324399
3.89622898649
62.9634301582
4.4868100884
63.3737985124
3.88888643634
64.6915421997
3.29707795962
64.5962449201
3.88090850007
63.8968636321
2.09384470792
62.3688602991
2.69252593574
66.39540602
5.08463598875
61.8307851319
2.68678280774
63.1587939433
4.47797134623
62.8172051929
3.89622898649
63.0359619275
3.88856874328
63.8763409327
3.89622898649
63.0670469715
1.49867179983
65.2802688698
3.88856874328
64.0663702583
4.49564883056
62.3129839211
3.88090850007
63.1587939433
4.49564883056
62.4412830414
2.68700274909
65.1231496372
3.29059621536
64.8656877481
3.29059621536
64.6169576444
