3.85965867485
3.62329503849
2.07898118447
1.95512976707
1.48069622692
1.3935750148
3.26425212934
3.06586503257
0.888939150277
0.837912757315
2.07073169178
1.94688027438
4.4549185928
4.18072504441
2.07485643812
1.95100502072
6.2425311912
5.85301506217
0.88540365341
0.834377260449
3.85199843164
3.61563479528
3.2707338736
3.07234677682
0.887171401844
0.836145008882
3.86731891806
3.6309552817
1.48364247431
1.39652126219
2.66943209409
2.50843502665
1.48364247431
1.39652126219
0.88540365341
0.834377260449
3.2707338736
3.07234677682
2.66412884879
2.50313178135
0.294844035219
0.278715002961
2.07485643812
1.95100502072
