0.0178824907136
0.0173264907136
2.19528066112
2.108159449
0.450899592845
0.434770560586
0.449107955919
0.432978923661
0.451496805153
0.435367772895
0.443135832834
0.427006800576
0.0182001837732
0.0176441837732
2.25500189197
2.16788067985
0.448510743611
0.432381711352
0.0182246217009
0.0176686217009
0.0166605943304
0.0161045943304
0.0183468113392
0.0177908113392
18.1298684509
17.1477570139
1.10450890515
1.05348251219
0.447913531302
0.431784499044
1.34100497932
1.28997858636
1.34458825317
1.29356186021
0.0182001837732
0.0176441837732
2.24604370734
2.15892249522
2.23708552271
2.14996431059
0.447913531302
0.431784499044
1.34996316394
1.29893677098
1.33921334239
1.28818694943
0.446121894377
0.429992862118
0.0182246217009
0.0176686217009
1.33921334239
1.28818694943
2.24902976888
2.16190855676
0.0182734975562
0.0177174975562
2.24007158426
2.15295037213
0.0181268699902
0.0175708699902
