52.3148722038
49.9618912161
49.4784016278
47.2491978579
46.8973284148
44.8527031549
50.7499806069
48.520776837
52.3708854537
50.0798655627
52.7376808742
50.3846998865
49.2085461032
47.0410134788
48.1215614318
46.0155549775
53.3718938797
51.018912892
51.9587054903
49.6676855993
51.2475678217
48.7732582446
48.2483260461
46.1423195917
30.3823325151
28.702949935
49.3050311867
46.6433160763
50.6161301881
48.3869264182
50.4153545598
48.1861507899
53.2309576563
50.8779766686
47.8680322033
45.7620257489
51.9587054903
49.6676855993
50.4153545598
48.1861507899
50.6161301881
48.3869264182
52.0960988114
49.8050789204
50.3484293504
48.1192255805
51.7526155085
49.4615956175
49.2736998615
47.1061672371
50.3484293504
48.1192255805
49.3388536197
47.1713209954
49.404007378
47.2364747537
50.4822797692
48.2530759993
50.3484293504
48.1192255805
