41.255581594
38.8197555921
42.9594391874
40.6063600085
45.2929816247
42.8172240489
42.4335371181
40.1231754368
41.6347499687
39.3642221095
42.9594391874
40.6063600085
40.1036877621
37.9182038911
43.0985020641
40.7454228852
44.4186727904
41.9828467884
44.4905612267
42.0547352247
42.2968312393
39.9864695579
43.82898515
41.4360232731
43.5842073336
40.9823011753
41.0664783298
38.7561166485
46.0265927652
43.5078244368
44.4905612267
42.0547352247
45.0737808189
42.5980232432
42.9594391874
40.6063600085
43.0289706258
40.6758914469
44.3467843541
41.9109583522
42.2968312393
39.9864695579
43.6875652753
41.2946033985
42.9594391874
40.6063600085
47.3377265067
44.7358203483
42.1601253604
39.8497636791
45.2199146894
42.7441571137
42.4335371181
40.1231754368
45.2199146894
42.7441571137
43.7582752126
41.3653133358
41.5004010878
39.2298732285
