3.71976555356
40.9783088667
1.8203152198
42.6941410447
1.82632990422
44.8172240489
3.2922571902
42.144387558
3.2869539449
41.462022696
2.54844130773
42.6133981317
3.2812108169
39.9289565793
4.01765697208
42.8562733251
2.54861237322
44.1086043642
2.55273711956
44.2371399168
4.01090641062
42.095560467
1.82620771458
43.4770789916
1.00578940001
43.0790753688
3.18619228421
40.8311899622
1.82645209386
45.5400825013
1.82338365683
44.1298085385
3.2714840917
44.7586293038
2.54844130773
42.7633492558
3.28187064095
42.8213459923
2.54448762688
44.0695116268
1.82313927755
42.0615428717
1.8203152198
43.2300872694
2.54844130773
42.751814554
1.09240907323
47.0009718635
2.54414549589
41.9418457905
2.55273711956
44.9623389318
2.56064448126
42.144387558
1.0940301941
44.9047631743
2.55256605407
43.4562224267
2.54827024223
41.2858849588
