2.35121444317
2.22736302577
2.53270328231
2.40885186491
0.361429226201
0.345300193943
1.81656842922
1.7294472171
6.18293320905
5.87010329703
1.08339147792
1.03236508496
5.44485771536
5.17066416697
3.26869881293
3.10770174548
1.80772968706
1.72060847494
3.26339556763
3.10239850018
4.71760591441
4.48124227804
1.08692697479
1.03590058183
0.331377502837
0.315248470579
3.16793715224
3.00694008479
0.361429226201
0.345300193943
1.08515922636
1.03413283339
1.80478343967
1.71766222755
5.4360189732
5.16182542481
4.71760591441
4.48124227804
2.52857853597
2.40472711857
3.26339556763
3.10239850018
0.360250727245
0.344121694987
4.7099456712
4.47358203483
1.80772968706
1.72060847494
3.97724399738
3.77885690061
3.26339556763
3.10239850018
1.81656842922
1.7294472171
1.81067593445
1.72355472232
1.81067593445
1.72355472232
3.98372574163
3.78533864486
