0.0338053198045
0.0332493198045
0.0337763070968
0.0332203070968
0.0338923579277
0.0333363579277
0.0338633452199
0.0333073452199
0.0338053198045
0.0332493198045
0.0338053198045
0.0332493198045
0.0338343325122
0.0332783325122
0.0338053198045
0.0332493198045
0.0338343325122
0.0332783325122
0.0338053198045
0.0332493198045
0.0337763070968
0.0332203070968
0.0338053198045
0.0332493198045
0.0338053198045
0.0332493198045
0.0337763070968
0.0332203070968
0.0337472943891
0.0331912943891
0.0337472943891
0.0331912943891
0.0338053198045
0.0332493198045
0.0338053198045
0.0332493198045
0.0337472943891
0.0331912943891
0.0337763070968
0.0332203070968
0.0337472943891
0.0331912943891
0.0338343325122
0.0332783325122
0.0337472943891
0.0331912943891
0.0338053198045
0.0332493198045
0.0338343325122
0.0332783325122
0.0338053198045
0.0332493198045
0.0336892689736
0.0331332689736
0.0337472943891
0.0331912943891
0.0338053198045
0.0332493198045
0.0338343325122
0.0332783325122
