0.0161962737048
0.0156402737048
0.397747697388
0.38161866513
0.0163673391984
0.0158113391984
1.20484057298
1.15381418002
0.396553272771
0.380424240513
0.399539334314
0.383410302056
1.20484057298
1.15381418002
0.0162940254154
0.0157380254154
1.21021548376
1.15918909079
0.0164162150538
0.0158602150538
0.0163917771261
0.0158357771261
0.0163184633431
0.0157624633431
0.0165628426197
0.0160068426197
0.0163184633431
0.0157624633431
0.404317032782
0.388188000524
0.0162695874878
0.0157135874878
1.21021548376
1.15918909079
0.0165872805474
0.0160312805474
2.05194970708
1.96482849496
1.21021548376
1.15918909079
0.403122608165
0.386993575907
2.01611696857
1.92899575645
0.0162940254154
0.0157380254154
0.403122608165
0.386993575907
0.40491424509
0.388785212832
0.0161962737048
0.0156402737048
0.401928183548
0.38579915129
2.03104727628
1.94392606416
0.401330971239
0.385201938981
1.20304893605
1.15202254309
