77.3496736136
73.4428098982
76.0380288429
72.1960982233
75.7355261177
71.9538328441
80.2157806488
76.1834565406
73.4302812215
69.7133035802
77.5791823945
73.6723186792
75.4018916532
71.6201983796
75.4018916532
71.6201983796
75.7355261177
71.9538328441
75.957949094
72.1762558204
75.8467376059
72.0650443323
74.3058015176
70.5888238764
76.625218023
72.8435247494
77.9234455659
74.0165818506
74.8530017027
71.1360240614
75.290680165
71.5089868914
75.7355261177
71.9538328441
76.7364295112
72.9547362376
75.7285219988
72.0115443576
74.5246815916
70.8077039504
75.8467376059
72.0650443323
75.6243146295
71.8426213559
75.4018916532
71.6201983796
74.6341216287
70.9171439874
74.9624417397
71.2454640985
76.1510117822
72.3090811626
69.588775681
66.1208341432
77.3938241147
73.5518934951
74.3058015176
70.5888238764
75.290680165
71.5089868914
