65.983698461
61.7851647366
68.532112281
64.5876352527
67.5622654349
63.7037610361
69.7166414404
65.6859962791
66.2971891844
62.4793006214
69.1231360048
65.1379942649
73.3653309177
69.12603473
67.1144358318
63.255931433
66.2971891844
62.4793006214
69.0076431072
65.0225013672
68.4177978823
64.473320854
69.3541218001
65.3689800601
66.0303015492
62.2530288219
68.4177978823
64.473320854
69.4696146977
65.4844729577
66.5187469881
62.700858425
68.6464266797
64.7019496513
67.9387315593
64.0349192426
67.9387315593
64.0349192426
65.0989579203
61.3667976075
67.1144358318
63.255931433
66.4079680862
62.5900795232
68.6464266797
64.7019496513
65.7015003406
61.9242276134
67.3383506334
63.4798462346
69.1231360048
65.1379942649
69.1231360048
65.1379942649
67.2263932326
63.3678888338
69.1231360048
65.1379942649
69.9499842336
65.9193390723
