2.88278294247
65.2889770534
3.17932479654
67.7166675107
1.77795435355
67.1025880156
2.46472974789
69.2569640211
1.76322311661
65.8699164572
1.05800718375
68.471718605
0.352717937104
72.8773543781
1.766169364
66.4876029873
2.46851236325
65.7550581971
1.76039905886
68.528659725
1.76334530625
67.602353112
1.06154268061
68.7027044003
2.48501134863
65.4939379129
2.46868342874
67.602353112
1.77218404841
68.8181972979
2.47676185594
65.898512384
1.76923780102
68.1344032193
2.47693292143
67.1316934361
2.47693292143
67.3006083921
3.18418815914
64.3345395429
2.47263710959
66.6176127624
1.766169364
65.7877334821
0.353847560205
68.1344032193
3.17910485519
64.9242276134
2.48088660228
66.5443623636
2.46868342874
68.471718605
1.76334530625
68.471718605
1.76911561138
66.599560388
1.76334530625
68.2992845874
1.76641374327
69.3693390723
