0.950810345437
0.899783952475
0.349054987169
0.332925954911
3.17854364284
3.01754657539
3.84760911228
3.64922201551
3.85409085654
3.65570375976
1.04803650926
0.997010116299
3.85409085654
3.65570375976
1.04980425769
0.998777864732
1.74880473929
1.66168352716
3.14672417105
2.9857271036
0.348465737691
0.332336705433
1.05157200613
1.00054561317
1.76058972884
1.67346851672
0.348465737691
0.332336705433
1.05333975456
1.0023133616
1.05157200613
1.00054561317
2.45845784812
2.33460643072
0.349644236646
0.333515204388
1.05157200613
1.00054561317
0.349644236646
0.333515204388
2.45433310177
2.33048168437
1.04980425769
0.998777864732
2.45845784812
2.33460643072
0.349054987169
0.332925954911
0.350233486124
0.334104453866
1.04803650926
0.997010116299
1.04803650926
0.997010116299
1.05157200613
1.00054561317
0.348465737691
0.332336705433
1.75175098667
1.66462977455
