0.0335732181427
0.0330172181427
0.033544205435
0.032988205435
0.033544205435
0.032988205435
0.0335732181427
0.0330172181427
0.033544205435
0.032988205435
0.0334861800196
0.0329301800196
0.033544205435
0.032988205435
0.0335151927273
0.0329591927273
0.0329349385728
0.0323789385728
0.0329639512805
0.0324079512805
0.0329639512805
0.0324079512805
0.0329639512805
0.0324079512805
0.0329059258651
0.0323499258651
0.0328479004497
0.0322919004497
0.0329639512805
0.0324079512805
0.0329639512805
0.0324079512805
0.0328479004497
0.0322919004497
0.0315133158944
0.0309573158944
0.0329059258651
0.0323499258651
0.0328479004497
0.0322919004497
0.0329349385728
0.0323789385728
0.0328188877419
0.0322628877419
0.0329349385728
0.0323789385728
0.0327898750342
0.0322338750342
0.0329639512805
0.0324079512805
0.0329639512805
0.0324079512805
0.0329639512805
0.0324079512805
0.0329349385728
0.0323789385728
0.0328479004497
0.0322919004497
0.0327608623265
0.0322048623265
