0.0335732181427
0.0330172181427
0.033544205435
0.032988205435
0.033544205435
0.032988205435
0.0335732181427
0.0330172181427
0.033544205435
0.032988205435
0.0334861800196
0.0329301800196
0.033544205435
0.032988205435
0.0335151927273
0.0329591927273
0.991378157185
0.971368157185
0.661239025611
0.648159025611
0.661239025611
0.648159025611
0.661239025611
0.648159025611
0.660078517302
0.646998517302
0.98876701349
0.96875701349
0.661239025611
0.648159025611
0.661239025611
0.648159025611
0.98876701349
0.96875701349
1.89877895367
1.85743895367
0.660078517302
0.646998517302
0.658918008993
0.645838008993
0.991378157185
0.971368157185
0.987896632258
0.967886632258
0.991378157185
0.971368157185
0.987026251026
0.967016251026
0.992248538416
0.972238538416
0.661239025611
0.648159025611
0.661239025611
0.648159025611
0.991378157185
0.971368157185
0.98876701349
0.96875701349
0.986155869795
0.966145869795
