0.0335732181427
0.0330172181427
0.033544205435
0.032988205435
0.033544205435
0.032988205435
0.0335732181427
0.0330172181427
0.033544205435
0.032988205435
0.0334861800196
0.0329301800196
0.033544205435
0.032988205435
0.0335151927273
0.0329591927273
0.0329349385728
0.0323789385728
0.0329639512805
0.0324079512805
0.0329639512805
0.0324079512805
0.0329639512805
0.0324079512805
0.0329059258651
0.0323499258651
0.0328479004497
0.0322919004497
0.0329639512805
0.0324079512805
0.0329639512805
0.0324079512805
0.0328479004497
0.0322919004497
0.948729476833
0.928719476833
0.0329059258651
0.0323499258651
0.0328479004497
0.0322919004497
0.0329349385728
0.0323789385728
0.328938877419
0.322628877419
0.0329349385728
0.0323789385728
0.328648750342
0.322338750342
0.0329639512805
0.0324079512805
0.0329639512805
0.0324079512805
0.0329639512805
0.0324079512805
0.0329349385728
0.0323789385728
0.0328479004497
0.0322919004497
0.328358623265
0.322048623265
