2.52345047294
2.39959905554
1.07225944049
1.02123304753
0.354748411176
0.338619378918
0.0143878670577
0.0138318670577
0.355345623485
0.339216591227
1.06509289279
1.01406649983
0.354151198868
0.33802216661
0.355942835793
0.339813803535
2.39803588816
2.27418447076
1.72945506049
1.64233384837
1.02926015428
0.97823376132
1.72049687586
1.63337566374
3.09032344063
2.92932637318
2.40221637432
2.27836495692
3.09569835141
2.93470128396
1.72348293741
1.63636172528
2.40221637432
2.27836495692
9.11735193196
8.61060706392
0.0139479843597
0.0133919843597
2.40639686048
2.28254544308
2.393855402
2.2700039846
1.02926015428
0.97823376132
1.02746851736
0.976442124394
2.40221637432
2.27836495692
1.02746851736
0.976442124394
3.10644817296
2.94545110551
2.41057734664
2.28672592924
3.09032344063
2.92932637318
3.09032344063
2.92932637318
4.46761284207
4.23124920571
