95.6911854536
90.2725311625
96.1328704483
90.6531814455
95.6557484407
90.1760594379
94.4330317092
89.0143774181
95.8147891099
90.3351001071
97.6307128157
92.0223014699
96.5669642656
91.0196601193
97.0494006267
91.5020964804
97.1350744999
91.3364711728
99.177939869
93.3181568547
98.4992623646
92.6394793503
97.6387682747
91.8401649477
97.3029724248
91.5043690978
97.3029724248
91.5043690978
96.442478335
90.7050546951
97.8066661997
92.0080628726
98.3295929885
92.4698099742
83.3464779194
78.3060329575
97.8066661997
92.0080628726
98.4992623646
92.6394793503
95.9440989136
90.2066752737
98.4992623646
92.6394793503
98.3295929885
92.4698099742
96.2763518612
90.5389282213
96.2763518612
90.5389282213
98.8386011168
92.9788181025
97.6387682747
91.8401649477
97.3029724248
91.5043690978
97.3029724248
91.5043690978
95.24300589
89.5734873448
