78.573451094
73.3120630198
79.9582690016
74.5671644073
79.6495022753
74.258397681
78.2751479892
72.9726553206
80.1019518809
74.6696938164
80.5520444887
75.078632954
79.8038856385
74.4127810441
79.1883418106
73.8447445476
88.930057361
83.1548862956
89.2600370686
83.4848660031
89.0950472148
83.3198761493
90.2004867519
84.3428132426
90.674165344
84.7682513655
89.8657930486
84.0081195393
90.2004867519
84.3428132426
89.0950472148
83.3198761493
92.2841001858
86.2955860118
82.7464095437
77.272998009
89.7314404092
83.9150181218
90.2004867519
84.3428132426
86.5333542119
80.8886328043
88.930057361
83.1548862956
89.3991037038
83.5826814164
89.3991037038
83.5826814164
89.5310993452
83.6734258359
91.8173619651
85.8701478889
90.3678336036
84.5101600943
89.2329353511
83.4165130637
88.4350877998
82.6599167343
86.5333542119
80.8886328043
