2.76234789003
78.1980845251
2.13628962981
79.5612993047
2.12804013713
79.2589353154
2.12374432529
77.9094588396
1.51708242199
79.6761454293
1.5141361746
80.1360132081
1.52297491676
79.4069159415
2.74113490883
78.7880485554
3.4936808249
88.204739668
2.23150092671
88.4389226991
2.86376937476
88.3286738033
1.58803673859
88.9234584039
0.951127608504
89.7515846989
1.58214424381
88.9566043878
1.58803673859
89.3676421771
2.22737618037
88.3286738033
0.318221035123
90.9730053666
2.17753709325
82.2458719093
1.59098298598
88.8286544854
2.22325143403
88.9234584039
1.57907580679
85.9307149157
1.58803673859
88.1636839495
1.5850904912
88.5721242316
1.5850904912
88.5721242316
0.945751049421
88.6219106844
1.59405142301
90.7686816132
1.59098298598
89.5349890288
1.58214424381
88.4610878437
2.21087719499
87.6687143882
3.47396677493
85.8972349548
