12.5239119747
11.741385093
11.8430941713
11.0996924118
12.4031158318
11.6205889501
12.9849098066
12.1621092201
10.563125341
9.89939122566
11.1467386793
10.4432684936
11.8201134417
11.0767116821
11.2121453713
10.5086751856
3.46518620124
3.26679910447
2.21097306748
2.08712165008
2.83913594368
2.67813887623
0.313110769028
0.29698173677
1.56908364858
1.48196243646
1.56613740119
1.47901618907
2.20272357479
2.07887215739
2.83913594368
2.67813887623
0.313700018506
0.297570986248
7.72987517944
7.26249981287
1.57497614336
1.48785493124
0.313110769028
0.29698173677
5.33146771375
5.01863780172
2.83383269838
2.67283563093
2.19859882844
2.07474741104
2.19859882844
2.07474741104
1.56024490642
1.47312369429
0.945507100138
0.894480707176
2.20684832113
2.08299690373
2.82322620778
2.66222914033
2.81792296248
2.65692589503
4.70240337344
4.42820982505
